Branch,Category,Jee_Rank,Region,Round
Computer Science and Applied Mathematics,General,1071 (9195),A) Delhi Region,Round 1
Computer Science and Artificial Intelligence,General,336 (4137),A) Delhi Region,Round 1
Computer Science and Biosciences,General,2187 (16197),A) Delhi Region,Round 1
Computer Science and Design,General,1320 (10826),A) Delhi Region,Round 1
Computer Science and Engineering,General,559 (5930),A) Delhi Region,Round 1
Computer Science and Social Sciences,General,1764 (13630),A) Delhi Region,Round 1
Electronics and Communication Engineering,General,2460 (17948),A) Delhi Region,Round 1
Electronics and VLSI Engineering,General,2889 (20625),A) Delhi Region,Round 1
Computer Science and Applied Mathematics,General,-,B) Outside Delhi Region,Round 1
Computer Science and Artificial Intelligence,General,-,B) Outside Delhi Region,Round 1
Computer Science and Biosciences,General,378 (4570),B) Outside Delhi Region,Round 1
Computer Science and Design,General,54 (962),B) Outside Delhi Region,Round 1
Computer Science and Engineering,General,-,B) Outside Delhi Region,Round 1
Computer Science and Social Sciences,General,169 (2694),B) Outside Delhi Region,Round 1
Electronics and Communication Engineering,General,243 (3370),B) Outside Delhi Region,Round 1
Electronics and VLSI Engineering,General,420 (4875),B) Outside Delhi Region,Round 1
Computer Science and Applied Mathematics,General,1412 (11437),A) Delhi Region,Round 2
Computer Science and Artificial Intelligence,General,611 (6352),A) Delhi Region,Round 2
Computer Science and Biosciences,General,2653 (19179),A) Delhi Region,Round 2
Computer Science and Design,General,1777 (13718),A) Delhi Region,Round 2
Computer Science and Engineering,General,907 (8075),A) Delhi Region,Round 2
Computer Science and Social Sciences,General,2405 (17563),A) Delhi Region,Round 2
Electronics and Communication Engineering,General,3259 (22859),A) Delhi Region,Round 2
Electronics and VLSI Engineering,General,3572 (24625),A) Delhi Region,Round 2
Computer Science and Applied Mathematics,General,79 (1533),B) Outside Delhi Region,Round 2
Computer Science and Artificial Intelligence,General,-,B) Outside Delhi Region,Round 2
Computer Science and Biosciences,General,585 (6184),B) Outside Delhi Region,Round 2
Computer Science and Design,General,387 (4674),B) Outside Delhi Region,Round 2
Computer Science and Engineering,General,-,B) Outside Delhi Region,Round 2
Computer Science and Social Sciences,General,409 (4802),B) Outside Delhi Region,Round 2
Electronics and Communication Engineering,General,593 (6249),B) Outside Delhi Region,Round 2
Electronics and VLSI Engineering,General,755 (7231),B) Outside Delhi Region,Round 2
Computer Science and Applied Mathematics,General,1428 (11437),A) Delhi Region,Round 3
Computer Science and Artificial Intelligence,General,617 (6352),A) Delhi Region,Round 3
Computer Science and Biosciences,General,2702 (19179),A) Delhi Region,Round 3
Computer Science and Design,General,1802 (13718),A) Delhi Region,Round 3
Computer Science and Engineering,General,915 (8075),A) Delhi Region,Round 3
Computer Science and Social Sciences,General,2410 (17356),A) Delhi Region,Round 3
Electronics and Communication Engineering,General,3331 (22859),A) Delhi Region,Round 3
Electronics and VLSI Engineering,General,3699 (24888),A) Delhi Region,Round 3
Computer Science and Applied Mathematics,General,82 (1533),B) Outside Delhi Region,Round 3
Computer Science and Artificial Intelligence,General,-,B) Outside Delhi Region,Round 3
Computer Science and Biosciences,General,629 (6416),B) Outside Delhi Region,Round 3
Computer Science and Design,General,392 (4674),B) Outside Delhi Region,Round 3
Computer Science and Engineering,General,-,B) Outside Delhi Region,Round 3
Computer Science and Social Sciences,General,598 (6244),B) Outside Delhi Region,Round 3
Electronics and Communication Engineering,General,786 (7364),B) Outside Delhi Region,Round 3
Electronics and VLSI Engineering,General,899 (8002),B) Outside Delhi Region,Round 3
Computer Science and Applied Mathematics,General,1525 (12066),A) Delhi Region,Round 4
Computer Science and Artificial Intelligence,General,717 (6966),A) Delhi Region,Round 4
Computer Science and Biosciences,General,2794 (19746),A) Delhi Region,Round 4
Computer Science and Design,General,1819 (13825),A) Delhi Region,Round 4
Computer Science and Engineering,General,962 (8366),A) Delhi Region,Round 4
Computer Science and Social Sciences,General,2607 (18616),A) Delhi Region,Round 4
Electronics and Communication Engineering,General,3381 (23152),A) Delhi Region,Round 4
Electronics and VLSI Engineering,General,3801 (25596),A) Delhi Region,Round 4
Computer Science and Applied Mathematics,General,82 (1533),B) Outside Delhi Region,Round 4
Computer Science and Artificial Intelligence,General,-,B) Outside Delhi Region,Round 4
Computer Science and Biosciences,General,791 (7383),B) Outside Delhi Region,Round 4
Computer Science and Design,General,392 (4674),B) Outside Delhi Region,Round 4
Computer Science and Engineering,General,-,B) Outside Delhi Region,Round 4
Computer Science and Social Sciences,General,659 (6587),B) Outside Delhi Region,Round 4
Electronics and Communication Engineering,General,797 (7401),B) Outside Delhi Region,Round 4
Electronics and VLSI Engineering,General,1046 (8914),B) Outside Delhi Region,Round 4
Computer Science and Applied Mathematics,General,1967 (14725),A) Delhi Region,Round 5
Computer Science and Artificial Intelligence,General,972 (8416),A) Delhi Region,Round 5
Computer Science and Biosciences,General,3506 (23771),A) Delhi Region,Round 5
Computer Science and Design,General,2494 (17905),A) Delhi Region,Round 5
Computer Science and Engineering,General,1493 (11874),A) Delhi Region,Round 5
Computer Science and Social Sciences,General,3331 (22859),A) Delhi Region,Round 5
Electronics and Communication Engineering,General,3996 (26762),A) Delhi Region,Round 5
Electronics and VLSI Engineering,General,4595 (30593),A) Delhi Region,Round 5
Computer Science and Applied Mathematics,General,509 (5489),B) Outside Delhi Region,Round 5
Computer Science and Artificial Intelligence,General,-,B) Outside Delhi Region,Round 5
Computer Science and Biosciences,General,950 (8304),B) Outside Delhi Region,Round 5
Computer Science and Design,General,810 (7454),B) Outside Delhi Region,Round 5
Computer Science and Engineering,General,-,B) Outside Delhi Region,Round 5
Computer Science and Social Sciences,General,882 (7896),B) Outside Delhi Region,Round 5
Electronics and Communication Engineering,General,1014 (8670),B) Outside Delhi Region,Round 5
Electronics and VLSI Engineering,General,1232 (10141),B) Outside Delhi Region,Round 5
Computer Science and Applied Mathematics,General,14725,A) Delhi Region,Upgradation Round
Computer Science and Artificial Intelligence,General,8514,A) Delhi Region,Upgradation Round
Computer Science and Biosciences,General,23874,A) Delhi Region,Upgradation Round
Computer Science and Design,General,17905,A) Delhi Region,Upgradation Round
Computer Science and Engineering,General,11874,A) Delhi Region,Upgradation Round
Computer Science and Social Sciences,General,23404,A) Delhi Region,Upgradation Round
Electronics and Communication Engineering,General,26955,A) Delhi Region,Upgradation Round
Electronics and VLSI Engineering,General,31093,A) Delhi Region,Upgradation Round
Computer Science and Applied Mathematics,General,10850,B) Outside Delhi Region,Upgradation Round
Computer Science and Artificial Intelligence,General,3255,B) Outside Delhi Region,Upgradation Round
Computer Science and Biosciences,General,14172,B) Outside Delhi Region,Upgradation Round
Computer Science and Design,General,13548,B) Outside Delhi Region,Upgradation Round
Computer Science and Engineering,General,4674,B) Outside Delhi Region,Upgradation Round
Computer Science and Social Sciences,General,13976,B) Outside Delhi Region,Upgradation Round
Electronics and Communication Engineering,General,23141,B) Outside Delhi Region,Upgradation Round
Electronics and VLSI Engineering,General,23469,B) Outside Delhi Region,Upgradation Round
Computer Science and Applied Mathematics,General,-,A) Delhi Region,Spot Round
Computer Science and Artificial Intelligence,General,9 (7529),A) Delhi Region,Spot Round
Computer Science and Biosciences,General,1951 (26124),A) Delhi Region,Spot Round
Computer Science and Design,General,1093 (20842),A) Delhi Region,Spot Round
Computer Science and Engineering,General,426 (16472),A) Delhi Region,Spot Round
Computer Science and Social Sciences,General,1607 (23984),A) Delhi Region,Spot Round
Electronics and Communication Engineering,General,1460 (23081),A) Delhi Region,Spot Round
Electronics and VLSI Engineering,General,2688 (30767),A) Delhi Region,Spot Round
Computer Science and Applied Mathematics,General,33 (12110),B) Outside Delhi Region,Spot Round
Computer Science and Artificial Intelligence,General,18 (10034),B) Outside Delhi Region,Spot Round
Computer Science and Biosciences,General,-,B) Outside Delhi Region,Spot Round
Computer Science and Design,General,22 (11373),B) Outside Delhi Region,Spot Round
Computer Science and Engineering,General,17 (10012),B) Outside Delhi Region,Spot Round
Computer Science and Social Sciences,General,-,B) Outside Delhi Region,Spot Round
Electronics and Communication Engineering,General,144 (14073),B) Outside Delhi Region,Spot Round
Electronics and VLSI Engineering,General,281 (15155),B) Outside Delhi Region,Spot Round
Computer Science and Applied Mathematics,General,1093 (20842),A) Delhi Region,Round 1
Computer Science and Artificial Intelligence,General,426 (16472),A) Delhi Region,Round 1
Computer Science and Biosciences,General,-,A) Delhi Region,Round 1
Computer Science and Design,General,1610 (24174),A) Delhi Region,Round 1
Computer Science and Engineering,General,99 (13485),A) Delhi Region,Round 1
Computer Science and Social Sciences,General,1951 (26124),A) Delhi Region,Round 1
Electronics and Communication Engineering,General,3288 (34274),A) Delhi Region,Round 1
Electronics and VLSI Engineering,General,3446 (35085),A) Delhi Region,Round 1
Computer Science and Applied Mathematics,General,33 (12110),B) Outside Delhi Region,Round 1
Computer Science and Artificial Intelligence,General,22 (11373),B) Outside Delhi Region,Round 1
Computer Science and Biosciences,General,-,B) Outside Delhi Region,Round 1
Computer Science and Design,General,-,B) Outside Delhi Region,Round 1
Computer Science and Engineering,General,19 (10334),B) Outside Delhi Region,Round 1
Computer Science and Social Sciences,General,-,B) Outside Delhi Region,Round 1
Electronics and Communication Engineering,General,144 (14073),B) Outside Delhi Region,Round 1
Electronics and VLSI Engineering,General,-,B) Outside Delhi Region,Round 1
Computer Science and Applied Mathematics,General,1105 (20842),A) Delhi Region,Round 2
Computer Science and Artificial Intelligence,General,431 (16472),A) Delhi Region,Round 2
Computer Science and Biosciences,General,-,A) Delhi Region,Round 2
Computer Science and Design,General,1632 (24174),A) Delhi Region,Round 2
Computer Science and Engineering,General,102 (13485),A) Delhi Region,Round 2
Computer Science and Social Sciences,General,1979 (26124),A) Delhi Region,Round 2
Electronics and Communication Engineering,General,3362 (34274),A) Delhi Region,Round 2
Electronics and VLSI Engineering,General,3524 (35085),A) Delhi Region,Round 2
Computer Science and Applied Mathematics,General,34 (12110),B) Outside Delhi Region,Round 2
Computer Science and Artificial Intelligence,General,23 (11373),B) Outside Delhi Region,Round 2
Computer Science and Biosciences,General,-,B) Outside Delhi Region,Round 2
Computer Science and Design,General,-,B) Outside Delhi Region,Round 2
Computer Science and Engineering,General,19 (10334),B) Outside Delhi Region,Round 2
Computer Science and Social Sciences,General,-,B) Outside Delhi Region,Round 2
Electronics and Communication Engineering,General,148 (14073),B) Outside Delhi Region,Round 2
Electronics and VLSI Engineering,General,-,B) Outside Delhi Region,Round 2
Computer Science and Applied Mathematics,General,1477 (23081),A) Delhi Region,Round 3
Computer Science and Artificial Intelligence,General,431 (16472),A) Delhi Region,Round 3
Computer Science and Biosciences,General,-,A) Delhi Region,Round 3
Computer Science and Design,General,1632 (24174),A) Delhi Region,Round 3
Computer Science and Engineering,General,102 (13485),A) Delhi Region,Round 3
Computer Science and Social Sciences,General,1979 (26124),A) Delhi Region,Round 3
Electronics and Communication Engineering,General,3362 (34274),A) Delhi Region,Round 3
Electronics and VLSI Engineering,General,3524 (35085),A) Delhi Region,Round 3
Computer Science and Applied Mathematics,General,34 (12110),B) Outside Delhi Region,Round 3
Computer Science and Artificial Intelligence,General,23 (11373),B) Outside Delhi Region,Round 3
Computer Science and Biosciences,General,-,B) Outside Delhi Region,Round 3
Computer Science and Design,General,-,B) Outside Delhi Region,Round 3
Computer Science and Engineering,General,19 (10334),B) Outside Delhi Region,Round 3
Computer Science and Social Sciences,General,-,B) Outside Delhi Region,Round 3
Electronics and Communication Engineering,General,148 (14073),B) Outside Delhi Region,Round 3
Electronics and VLSI Engineering,General,-,B) Outside Delhi Region,Round 3
Computer Science and Applied Mathematics,General,1866 (25437),A) Delhi Region,Round 4
Computer Science and Artificial Intelligence,General,9 (7529),A) Delhi Region,Round 4
Computer Science and Biosciences,General,3524 (35085),A) Delhi Region,Round 4
Computer Science and Design,General,1919 (25695),A) Delhi Region,Round 4
Computer Science and Engineering,General,1105 (20842),A) Delhi Region,Round 4
Computer Science and Social Sciences,General,-,A) Delhi Region,Round 4
Electronics and Communication Engineering,General,3974 (38034),A) Delhi Region,Round 4
Electronics and VLSI Engineering,General,-,A) Delhi Region,Round 4
Computer Science and Applied Mathematics,General,-,B) Outside Delhi Region,Round 4
Computer Science and Artificial Intelligence,General,148 (14073),B) Outside Delhi Region,Round 4
Computer Science and Biosciences,General,-,B) Outside Delhi Region,Round 4
Computer Science and Design,General,-,B) Outside Delhi Region,Round 4
Computer Science and Engineering,General,19 (10334),B) Outside Delhi Region,Round 4
Computer Science and Social Sciences,General,-,B) Outside Delhi Region,Round 4
Electronics and Communication Engineering,General,-,B) Outside Delhi Region,Round 4
Electronics and VLSI Engineering,General,-,B) Outside Delhi Region,Round 4
Computer Science and Applied Mathematics,General,25437,A) Delhi Region,Round 5
Computer Science and Artificial Intelligence,General,7529,A) Delhi Region,Round 5
Computer Science and Biosciences,General,35085,A) Delhi Region,Round 5
Computer Science and Design,General,25695,A) Delhi Region,Round 5
Computer Science and Engineering,General,20842,A) Delhi Region,Round 5
Computer Science and Social Sciences,General,-,A) Delhi Region,Round 5
Electronics and Communication Engineering,General,38034,A) Delhi Region,Round 5
Electronics and VLSI Engineering,General,-,A) Delhi Region,Round 5
Computer Science and Applied Mathematics,General,-,B) Outside Delhi Region,Round 5
Computer Science and Artificial Intelligence,General,10034,B) Outside Delhi Region,Round 5
Computer Science and Biosciences,General,-,B) Outside Delhi Region,Round 5
Computer Science and Design,General,-,B) Outside Delhi Region,Round 5
Computer Science and Engineering,General,10334,B) Outside Delhi Region,Round 5
Computer Science and Social Sciences,General,-,B) Outside Delhi Region,Round 5
Electronics and Communication Engineering,General,-,B) Outside Delhi Region,Round 5
Electronics and VLSI Engineering,General,-,B) Outside Delhi Region,Round 5
Computer Science and Applied Mathematics,General Defence,19601 (260651 (Priority V)),A) Delhi Region,Round 1
Computer Science and Artificial Intelligence,General Defence,13007 (108352 (Priority V)),A) Delhi Region,Round 1
Computer Science and Biosciences,General Defence,3799 (26091 (Priority VI)),A) Delhi Region,Round 1
Computer Science and Design,General Defence,3807 (26166 (Priority VI)),A) Delhi Region,Round 1
Computer Science and Engineering,General Defence,18332 (214006 (Priority V)),A) Delhi Region,Round 1
Computer Science and Social Sciences,General Defence,4458 (30470 (Priority VI)),A) Delhi Region,Round 1
Electronics and Communication Engineering,General Defence,4969 (34244 (Priority VI)),A) Delhi Region,Round 1
Electronics and VLSI Engineering,General Defence,7253 (50973 (Priority VI)),A) Delhi Region,Round 1
Computer Science and Applied Mathematics,General Defence,-,B) Outside Delhi Region,Round 1
Computer Science and Artificial Intelligence,General Defence,-,B) Outside Delhi Region,Round 1
Computer Science and Biosciences,General Defence,-,B) Outside Delhi Region,Round 1
Computer Science and Design,General Defence,-,B) Outside Delhi Region,Round 1
Computer Science and Engineering,General Defence,-,B) Outside Delhi Region,Round 1
Computer Science and Social Sciences,General Defence,-,B) Outside Delhi Region,Round 1
Electronics and Communication Engineering,General Defence,-,B) Outside Delhi Region,Round 1
Electronics and VLSI Engineering,General Defence,-,B) Outside Delhi Region,Round 1
Computer Science and Applied Mathematics,General Defence,3799 (26091 (Priority VI)),A) Delhi Region,Round 2
Computer Science and Artificial Intelligence,General Defence,13007 (108352 (Priority V)),A) Delhi Region,Round 2
Computer Science and Biosciences,General Defence,5333 (36726 (Priority VI)),A) Delhi Region,Round 2
Computer Science and Design,General Defence,3807 (26166 (Priority VI)),A) Delhi Region,Round 2
Computer Science and Engineering,General Defence,19601 (260651 (Priority V)),A) Delhi Region,Round 2
Computer Science and Social Sciences,General Defence,4458 (30470 (Priority VI)),A) Delhi Region,Round 2
Electronics and Communication Engineering,General Defence,6828 (47651 (Priority VI)),A) Delhi Region,Round 2
Electronics and VLSI Engineering,General Defence,7253 (50973 (Priority VI)),A) Delhi Region,Round 2
Computer Science and Applied Mathematics,General Defence,-,B) Outside Delhi Region,Round 2
Computer Science and Artificial Intelligence,General Defence,-,B) Outside Delhi Region,Round 2
Computer Science and Biosciences,General Defence,-,B) Outside Delhi Region,Round 2
Computer Science and Design,General Defence,-,B) Outside Delhi Region,Round 2
Computer Science and Engineering,General Defence,-,B) Outside Delhi Region,Round 2
Computer Science and Social Sciences,General Defence,-,B) Outside Delhi Region,Round 2
Electronics and Communication Engineering,General Defence,-,B) Outside Delhi Region,Round 2
Electronics and VLSI Engineering,General Defence,-,B) Outside Delhi Region,Round 2
Computer Science and Applied Mathematics,General Defence,3894 (26091 (Priority VI)),A) Delhi Region,Round 3
Computer Science and Artificial Intelligence,General Defence,13477 (108352 (Priority V)),A) Delhi Region,Round 3
Computer Science and Biosciences,General Defence,5491 (36726 (Priority VI)),A) Delhi Region,Round 3
Computer Science and Design,General Defence,3902 (26166 (Priority VI)),A) Delhi Region,Round 3
Computer Science and Engineering,General Defence,20332 (260651 (Priority V)),A) Delhi Region,Round 3
Computer Science and Social Sciences,General Defence,4577 (30470 (Priority VI)),A) Delhi Region,Round 3
Electronics and Communication Engineering,General Defence,7044 (47651 (Priority VI)),A) Delhi Region,Round 3
Electronics and VLSI Engineering,General Defence,7480 (50973 (Priority VI)),A) Delhi Region,Round 3
Computer Science and Applied Mathematics,General Defence,-,B) Outside Delhi Region,Round 3
Computer Science and Artificial Intelligence,General Defence,-,B) Outside Delhi Region,Round 3
Computer Science and Biosciences,General Defence,-,B) Outside Delhi Region,Round 3
Computer Science and Design,General Defence,-,B) Outside Delhi Region,Round 3
Computer Science and Engineering,General Defence,-,B) Outside Delhi Region,Round 3
Computer Science and Social Sciences,General Defence,-,B) Outside Delhi Region,Round 3
Electronics and Communication Engineering,General Defence,-,B) Outside Delhi Region,Round 3
Electronics and VLSI Engineering,General Defence,-,B) Outside Delhi Region,Round 3
Computer Science and Applied Mathematics,General Defence,3894 (26091 (Priority VI)),A) Delhi Region,Round 4
Computer Science and Artificial Intelligence,General Defence,13476 (108352 (Priority V)),A) Delhi Region,Round 4
Computer Science and Biosciences,General Defence,5491 (36726 (Priority VI)),A) Delhi Region,Round 4
Computer Science and Design,General Defence,3902 (26166 (Priority VI)),A) Delhi Region,Round 4
Computer Science and Engineering,General Defence,20331 (260651 (Priority V)),A) Delhi Region,Round 4
Computer Science and Social Sciences,General Defence,4577 (30470 (Priority VI)),A) Delhi Region,Round 4
Electronics and Communication Engineering,General Defence,7044 (47651 (Priority VI)),A) Delhi Region,Round 4
Electronics and VLSI Engineering,General Defence,7480 (50973 (Priority VI)),A) Delhi Region,Round 4
Computer Science and Applied Mathematics,General Defence,-,B) Outside Delhi Region,Round 4
Computer Science and Artificial Intelligence,General Defence,-,B) Outside Delhi Region,Round 4
Computer Science and Biosciences,General Defence,-,B) Outside Delhi Region,Round 4
Computer Science and Design,General Defence,-,B) Outside Delhi Region,Round 4
Computer Science and Engineering,General Defence,-,B) Outside Delhi Region,Round 4
Computer Science and Social Sciences,General Defence,-,B) Outside Delhi Region,Round 4
Electronics and Communication Engineering,General Defence,-,B) Outside Delhi Region,Round 4
Electronics and VLSI Engineering,General Defence,-,B) Outside Delhi Region,Round 4
Computer Science and Applied Mathematics,General Defence,3894 (26091 (Priority VI)),A) Delhi Region,Round 5
Computer Science and Artificial Intelligence,General Defence,13475 (108352 (Priority V)),A) Delhi Region,Round 5
Computer Science and Biosciences,General Defence,4073 (27166 (Priority VI)),A) Delhi Region,Round 5
Computer Science and Design,General Defence,3902 (26166 (Priority VI)),A) Delhi Region,Round 5
Computer Science and Engineering,General Defence,19004 (214006 (Priority V)),A) Delhi Region,Round 5
Computer Science and Social Sciences,General Defence,4577 (30470 (Priority VI)),A) Delhi Region,Round 5
Electronics and Communication Engineering,General Defence,7480 (50973 (Priority VI)),A) Delhi Region,Round 5
Electronics and VLSI Engineering,General Defence,10965 (80476 (Priority VI)),A) Delhi Region,Round 5
Computer Science and Applied Mathematics,General Defence,-,B) Outside Delhi Region,Round 5
Computer Science and Artificial Intelligence,General Defence,-,B) Outside Delhi Region,Round 5
Computer Science and Biosciences,General Defence,-,B) Outside Delhi Region,Round 5
Computer Science and Design,General Defence,-,B) Outside Delhi Region,Round 5
Computer Science and Engineering,General Defence,-,B) Outside Delhi Region,Round 5
Computer Science and Social Sciences,General Defence,-,B) Outside Delhi Region,Round 5
Electronics and Communication Engineering,General Defence,-,B) Outside Delhi Region,Round 5
Electronics and VLSI Engineering,General Defence,-,B) Outside Delhi Region,Round 5
Computer Science and Applied Mathematics,General Defence,26091 (Priority VI),A) Delhi Region,Upgradation Round
Computer Science and Artificial Intelligence,General Defence,108352 (Priority V),A) Delhi Region,Upgradation Round
Computer Science and Biosciences,General Defence,27166 (Priority VI),A) Delhi Region,Upgradation Round
Computer Science and Design,General Defence,26166 (Priority VI),A) Delhi Region,Upgradation Round
Computer Science and Engineering,General Defence,214006 (Priority V),A) Delhi Region,Upgradation Round
Computer Science and Social Sciences,General Defence,30470 (Priority VI),A) Delhi Region,Upgradation Round
Electronics and Communication Engineering,General Defence,70674,A) Delhi Region,Upgradation Round
Electronics and VLSI Engineering,General Defence,80476 (Priority VI),A) Delhi Region,Upgradation Round
Computer Science and Applied Mathematics,General Defence,-,B) Outside Delhi Region,Upgradation Round
Computer Science and Artificial Intelligence,General Defence,-,B) Outside Delhi Region,Upgradation Round
Computer Science and Biosciences,General Defence,-,B) Outside Delhi Region,Upgradation Round
Computer Science and Design,General Defence,-,B) Outside Delhi Region,Upgradation Round
Computer Science and Engineering,General Defence,-,B) Outside Delhi Region,Upgradation Round
Computer Science and Social Sciences,General Defence,-,B) Outside Delhi Region,Upgradation Round
Electronics and Communication Engineering,General Defence,-,B) Outside Delhi Region,Upgradation Round
Electronics and VLSI Engineering,General Defence,-,B) Outside Delhi Region,Upgradation Round
Computer Science and Applied Mathematics,General Defence,-,A) Delhi Region,Spot Round
Computer Science and Artificial Intelligence,General Defence,-,A) Delhi Region,Spot Round
Computer Science and Biosciences,General Defence,-,A) Delhi Region,Spot Round
Computer Science and Design,General Defence,-,A) Delhi Region,Spot Round
Computer Science and Engineering,General Defence,-,A) Delhi Region,Spot Round
Computer Science and Social Sciences,General Defence,-,A) Delhi Region,Spot Round
Electronics and Communication Engineering,General Defence,-,A) Delhi Region,Spot Round
Electronics and VLSI Engineering,General Defence,-,A) Delhi Region,Spot Round
Computer Science and Applied Mathematics,General Defence,-,B) Outside Delhi Region,Spot Round
Computer Science and Artificial Intelligence,General Defence,-,B) Outside Delhi Region,Spot Round
Computer Science and Biosciences,General Defence,-,B) Outside Delhi Region,Spot Round
Computer Science and Design,General Defence,-,B) Outside Delhi Region,Spot Round
Computer Science and Engineering,General Defence,-,B) Outside Delhi Region,Spot Round
Computer Science and Social Sciences,General Defence,-,B) Outside Delhi Region,Spot Round
Electronics and Communication Engineering,General Defence,-,B) Outside Delhi Region,Spot Round
Electronics and VLSI Engineering,General Defence,-,B) Outside Delhi Region,Spot Round
Computer Science and Applied Mathematics,General Defence,-,A) Delhi Region,Round 1
Computer Science and Artificial Intelligence,General Defence,-,A) Delhi Region,Round 1
Computer Science and Biosciences,General Defence,-,A) Delhi Region,Round 1
Computer Science and Design,General Defence,-,A) Delhi Region,Round 1
Computer Science and Engineering,General Defence,-,A) Delhi Region,Round 1
Computer Science and Social Sciences,General Defence,-,A) Delhi Region,Round 1
Electronics and Communication Engineering,General Defence,-,A) Delhi Region,Round 1
Electronics and VLSI Engineering,General Defence,-,A) Delhi Region,Round 1
Computer Science and Applied Mathematics,General Defence,-,B) Outside Delhi Region,Round 1
Computer Science and Artificial Intelligence,General Defence,-,B) Outside Delhi Region,Round 1
Computer Science and Biosciences,General Defence,-,B) Outside Delhi Region,Round 1
Computer Science and Design,General Defence,-,B) Outside Delhi Region,Round 1
Computer Science and Engineering,General Defence,-,B) Outside Delhi Region,Round 1
Computer Science and Social Sciences,General Defence,-,B) Outside Delhi Region,Round 1
Electronics and Communication Engineering,General Defence,-,B) Outside Delhi Region,Round 1
Electronics and VLSI Engineering,General Defence,-,B) Outside Delhi Region,Round 1
Computer Science and Applied Mathematics,General Defence,-,A) Delhi Region,Round 2
Computer Science and Artificial Intelligence,General Defence,-,A) Delhi Region,Round 2
Computer Science and Biosciences,General Defence,-,A) Delhi Region,Round 2
Computer Science and Design,General Defence,-,A) Delhi Region,Round 2
Computer Science and Engineering,General Defence,-,A) Delhi Region,Round 2
Computer Science and Social Sciences,General Defence,-,A) Delhi Region,Round 2
Electronics and Communication Engineering,General Defence,-,A) Delhi Region,Round 2
Electronics and VLSI Engineering,General Defence,-,A) Delhi Region,Round 2
Computer Science and Applied Mathematics,General Defence,-,B) Outside Delhi Region,Round 2
Computer Science and Artificial Intelligence,General Defence,-,B) Outside Delhi Region,Round 2
Computer Science and Biosciences,General Defence,-,B) Outside Delhi Region,Round 2
Computer Science and Design,General Defence,-,B) Outside Delhi Region,Round 2
Computer Science and Engineering,General Defence,-,B) Outside Delhi Region,Round 2
Computer Science and Social Sciences,General Defence,-,B) Outside Delhi Region,Round 2
Electronics and Communication Engineering,General Defence,-,B) Outside Delhi Region,Round 2
Electronics and VLSI Engineering,General Defence,-,B) Outside Delhi Region,Round 2
Computer Science and Applied Mathematics,General Defence,-,A) Delhi Region,Round 3
Computer Science and Artificial Intelligence,General Defence,-,A) Delhi Region,Round 3
Computer Science and Biosciences,General Defence,-,A) Delhi Region,Round 3
Computer Science and Design,General Defence,-,A) Delhi Region,Round 3
Computer Science and Engineering,General Defence,-,A) Delhi Region,Round 3
Computer Science and Social Sciences,General Defence,-,A) Delhi Region,Round 3
Electronics and Communication Engineering,General Defence,-,A) Delhi Region,Round 3
Electronics and VLSI Engineering,General Defence,-,A) Delhi Region,Round 3
Computer Science and Applied Mathematics,General Defence,-,B) Outside Delhi Region,Round 3
Computer Science and Artificial Intelligence,General Defence,-,B) Outside Delhi Region,Round 3
Computer Science and Biosciences,General Defence,-,B) Outside Delhi Region,Round 3
Computer Science and Design,General Defence,-,B) Outside Delhi Region,Round 3
Computer Science and Engineering,General Defence,-,B) Outside Delhi Region,Round 3
Computer Science and Social Sciences,General Defence,-,B) Outside Delhi Region,Round 3
Electronics and Communication Engineering,General Defence,-,B) Outside Delhi Region,Round 3
Electronics and VLSI Engineering,General Defence,-,B) Outside Delhi Region,Round 3
Computer Science and Applied Mathematics,General Defence,-,A) Delhi Region,Round 4
Computer Science and Artificial Intelligence,General Defence,-,A) Delhi Region,Round 4
Computer Science and Biosciences,General Defence,-,A) Delhi Region,Round 4
Computer Science and Design,General Defence,-,A) Delhi Region,Round 4
Computer Science and Engineering,General Defence,-,A) Delhi Region,Round 4
Computer Science and Social Sciences,General Defence,-,A) Delhi Region,Round 4
Electronics and Communication Engineering,General Defence,-,A) Delhi Region,Round 4
Electronics and VLSI Engineering,General Defence,-,A) Delhi Region,Round 4
Computer Science and Applied Mathematics,General Defence,-,B) Outside Delhi Region,Round 4
Computer Science and Artificial Intelligence,General Defence,-,B) Outside Delhi Region,Round 4
Computer Science and Biosciences,General Defence,-,B) Outside Delhi Region,Round 4
Computer Science and Design,General Defence,-,B) Outside Delhi Region,Round 4
Computer Science and Engineering,General Defence,-,B) Outside Delhi Region,Round 4
Computer Science and Social Sciences,General Defence,-,B) Outside Delhi Region,Round 4
Electronics and Communication Engineering,General Defence,-,B) Outside Delhi Region,Round 4
Electronics and VLSI Engineering,General Defence,-,B) Outside Delhi Region,Round 4
Computer Science and Applied Mathematics,General Defence,-,A) Delhi Region,Round 5
Computer Science and Artificial Intelligence,General Defence,-,A) Delhi Region,Round 5
Computer Science and Biosciences,General Defence,-,A) Delhi Region,Round 5
Computer Science and Design,General Defence,-,A) Delhi Region,Round 5
Computer Science and Engineering,General Defence,-,A) Delhi Region,Round 5
Computer Science and Social Sciences,General Defence,-,A) Delhi Region,Round 5
Electronics and Communication Engineering,General Defence,-,A) Delhi Region,Round 5
Electronics and VLSI Engineering,General Defence,-,A) Delhi Region,Round 5
Computer Science and Applied Mathematics,General Defence,-,B) Outside Delhi Region,Round 5
Computer Science and Artificial Intelligence,General Defence,-,B) Outside Delhi Region,Round 5
Computer Science and Biosciences,General Defence,-,B) Outside Delhi Region,Round 5
Computer Science and Design,General Defence,-,B) Outside Delhi Region,Round 5
Computer Science and Engineering,General Defence,-,B) Outside Delhi Region,Round 5
Computer Science and Social Sciences,General Defence,-,B) Outside Delhi Region,Round 5
Electronics and Communication Engineering,General Defence,-,B) Outside Delhi Region,Round 5
Electronics and VLSI Engineering,General Defence,-,B) Outside Delhi Region,Round 5
Computer Science and Applied Mathematics,General PWD,-,A) Delhi Region,Round 1
Computer Science and Artificial Intelligence,General PWD,20299 (290285),A) Delhi Region,Round 1
Computer Science and Biosciences,General PWD,-,A) Delhi Region,Round 1
Computer Science and Design,General PWD,-,A) Delhi Region,Round 1
Computer Science and Engineering,General PWD,20663 (308749),A) Delhi Region,Round 1
Computer Science and Social Sciences,General PWD,-,A) Delhi Region,Round 1
Electronics and Communication Engineering,General PWD,21603 (376275),A) Delhi Region,Round 1
Electronics and VLSI Engineering,General PWD,-,A) Delhi Region,Round 1
Computer Science and Applied Mathematics,General PWD,-,B) Outside Delhi Region,Round 1
Computer Science and Artificial Intelligence,General PWD,-,B) Outside Delhi Region,Round 1
Computer Science and Biosciences,General PWD,-,B) Outside Delhi Region,Round 1
Computer Science and Design,General PWD,-,B) Outside Delhi Region,Round 1
Computer Science and Engineering,General PWD,-,B) Outside Delhi Region,Round 1
Computer Science and Social Sciences,General PWD,-,B) Outside Delhi Region,Round 1
Electronics and Communication Engineering,General PWD,-,B) Outside Delhi Region,Round 1
Electronics and VLSI Engineering,General PWD,-,B) Outside Delhi Region,Round 1
Computer Science and Applied Mathematics,General PWD,-,A) Delhi Region,Round 2
Computer Science and Artificial Intelligence,General PWD,20299 (290285),A) Delhi Region,Round 2
Computer Science and Biosciences,General PWD,-,A) Delhi Region,Round 2
Computer Science and Design,General PWD,-,A) Delhi Region,Round 2
Computer Science and Engineering,General PWD,20663 (308749),A) Delhi Region,Round 2
Computer Science and Social Sciences,General PWD,-,A) Delhi Region,Round 2
Electronics and Communication Engineering,General PWD,21603 (376275),A) Delhi Region,Round 2
Electronics and VLSI Engineering,General PWD,-,A) Delhi Region,Round 2
Computer Science and Applied Mathematics,General PWD,-,B) Outside Delhi Region,Round 2
Computer Science and Artificial Intelligence,General PWD,-,B) Outside Delhi Region,Round 2
Computer Science and Biosciences,General PWD,-,B) Outside Delhi Region,Round 2
Computer Science and Design,General PWD,-,B) Outside Delhi Region,Round 2
Computer Science and Engineering,General PWD,-,B) Outside Delhi Region,Round 2
Computer Science and Social Sciences,General PWD,-,B) Outside Delhi Region,Round 2
Electronics and Communication Engineering,General PWD,-,B) Outside Delhi Region,Round 2
Electronics and VLSI Engineering,General PWD,-,B) Outside Delhi Region,Round 2
Computer Science and Applied Mathematics,General PWD,23037 (432164),A) Delhi Region,Round 3
Computer Science and Artificial Intelligence,General PWD,21067 (290285),A) Delhi Region,Round 3
Computer Science and Biosciences,General PWD,-,A) Delhi Region,Round 3
Computer Science and Design,General PWD,22434 (376275),A) Delhi Region,Round 3
Computer Science and Engineering,General PWD,21448 (308749),A) Delhi Region,Round 3
Computer Science and Social Sciences,General PWD,-,A) Delhi Region,Round 3
Electronics and Communication Engineering,General PWD,-,A) Delhi Region,Round 3
Electronics and VLSI Engineering,General PWD,-,A) Delhi Region,Round 3
Computer Science and Applied Mathematics,General PWD,-,B) Outside Delhi Region,Round 3
Computer Science and Artificial Intelligence,General PWD,-,B) Outside Delhi Region,Round 3
Computer Science and Biosciences,General PWD,-,B) Outside Delhi Region,Round 3
Computer Science and Design,General PWD,-,B) Outside Delhi Region,Round 3
Computer Science and Engineering,General PWD,-,B) Outside Delhi Region,Round 3
Computer Science and Social Sciences,General PWD,-,B) Outside Delhi Region,Round 3
Electronics and Communication Engineering,General PWD,-,B) Outside Delhi Region,Round 3
Electronics and VLSI Engineering,General PWD,-,B) Outside Delhi Region,Round 3
Computer Science and Applied Mathematics,General PWD,23036 (432164),A) Delhi Region,Round 4
Computer Science and Artificial Intelligence,General PWD,21066 (290285),A) Delhi Region,Round 4
Computer Science and Biosciences,General PWD,-,A) Delhi Region,Round 4
Computer Science and Design,General PWD,22433 (376275),A) Delhi Region,Round 4
Computer Science and Engineering,General PWD,21447 (308749),A) Delhi Region,Round 4
Computer Science and Social Sciences,General PWD,-,A) Delhi Region,Round 4
Electronics and Communication Engineering,General PWD,-,A) Delhi Region,Round 4
Electronics and VLSI Engineering,General PWD,-,A) Delhi Region,Round 4
Computer Science and Applied Mathematics,General PWD,-,B) Outside Delhi Region,Round 4
Computer Science and Artificial Intelligence,General PWD,-,B) Outside Delhi Region,Round 4
Computer Science and Biosciences,General PWD,-,B) Outside Delhi Region,Round 4
Computer Science and Design,General PWD,-,B) Outside Delhi Region,Round 4
Computer Science and Engineering,General PWD,-,B) Outside Delhi Region,Round 4
Computer Science and Social Sciences,General PWD,-,B) Outside Delhi Region,Round 4
Electronics and Communication Engineering,General PWD,-,B) Outside Delhi Region,Round 4
Electronics and VLSI Engineering,General PWD,-,B) Outside Delhi Region,Round 4
Computer Science and Applied Mathematics,General PWD,23036 (432164),A) Delhi Region,Round 5
Computer Science and Artificial Intelligence,General PWD,21067 (290285),A) Delhi Region,Round 5
Computer Science and Biosciences,General PWD,-,A) Delhi Region,Round 5
Computer Science and Design,General PWD,22433 (376275),A) Delhi Region,Round 5
Computer Science and Engineering,General PWD,21448 (308749),A) Delhi Region,Round 5
Computer Science and Social Sciences,General PWD,-,A) Delhi Region,Round 5
Electronics and Communication Engineering,General PWD,-,A) Delhi Region,Round 5
Electronics and VLSI Engineering,General PWD,-,A) Delhi Region,Round 5
Computer Science and Applied Mathematics,General PWD,-,B) Outside Delhi Region,Round 5
Computer Science and Artificial Intelligence,General PWD,-,B) Outside Delhi Region,Round 5
Computer Science and Biosciences,General PWD,-,B) Outside Delhi Region,Round 5
Computer Science and Design,General PWD,-,B) Outside Delhi Region,Round 5
Computer Science and Engineering,General PWD,-,B) Outside Delhi Region,Round 5
Computer Science and Social Sciences,General PWD,-,B) Outside Delhi Region,Round 5
Electronics and Communication Engineering,General PWD,-,B) Outside Delhi Region,Round 5
Electronics and VLSI Engineering,General PWD,-,B) Outside Delhi Region,Round 5
Computer Science and Applied Mathematics,General PWD,432164,A) Delhi Region,Upgradation Round
Computer Science and Artificial Intelligence,General PWD,290285,A) Delhi Region,Upgradation Round
Computer Science and Biosciences,General PWD,-,A) Delhi Region,Upgradation Round
Computer Science and Design,General PWD,376275,A) Delhi Region,Upgradation Round
Computer Science and Engineering,General PWD,308749,A) Delhi Region,Upgradation Round
Computer Science and Social Sciences,General PWD,-,A) Delhi Region,Upgradation Round
Electronics and Communication Engineering,General PWD,-,A) Delhi Region,Upgradation Round
Electronics and VLSI Engineering,General PWD,-,A) Delhi Region,Upgradation Round
Computer Science and Applied Mathematics,General PWD,-,B) Outside Delhi Region,Upgradation Round
Computer Science and Artificial Intelligence,General PWD,-,B) Outside Delhi Region,Upgradation Round
Computer Science and Biosciences,General PWD,-,B) Outside Delhi Region,Upgradation Round
Computer Science and Design,General PWD,-,B) Outside Delhi Region,Upgradation Round
Computer Science and Engineering,General PWD,-,B) Outside Delhi Region,Upgradation Round
Computer Science and Social Sciences,General PWD,-,B) Outside Delhi Region,Upgradation Round
Electronics and Communication Engineering,General PWD,-,B) Outside Delhi Region,Upgradation Round
Electronics and VLSI Engineering,General PWD,-,B) Outside Delhi Region,Upgradation Round
Computer Science and Applied Mathematics,General PWD,-,A) Delhi Region,Spot Round
Computer Science and Artificial Intelligence,General PWD,-,A) Delhi Region,Spot Round
Computer Science and Biosciences,General PWD,-,A) Delhi Region,Spot Round
Computer Science and Design,General PWD,-,A) Delhi Region,Spot Round
Computer Science and Engineering,General PWD,-,A) Delhi Region,Spot Round
Computer Science and Social Sciences,General PWD,-,A) Delhi Region,Spot Round
Electronics and Communication Engineering,General PWD,-,A) Delhi Region,Spot Round
Electronics and VLSI Engineering,General PWD,-,A) Delhi Region,Spot Round
Computer Science and Applied Mathematics,General PWD,-,B) Outside Delhi Region,Spot Round
Computer Science and Artificial Intelligence,General PWD,-,B) Outside Delhi Region,Spot Round
Computer Science and Biosciences,General PWD,-,B) Outside Delhi Region,Spot Round
Computer Science and Design,General PWD,-,B) Outside Delhi Region,Spot Round
Computer Science and Engineering,General PWD,-,B) Outside Delhi Region,Spot Round
Computer Science and Social Sciences,General PWD,-,B) Outside Delhi Region,Spot Round
Electronics and Communication Engineering,General PWD,-,B) Outside Delhi Region,Spot Round
Electronics and VLSI Engineering,General PWD,-,B) Outside Delhi Region,Spot Round
Computer Science and Applied Mathematics,General PWD,-,A) Delhi Region,Round 1
Computer Science and Artificial Intelligence,General PWD,-,A) Delhi Region,Round 1
Computer Science and Biosciences,General PWD,-,A) Delhi Region,Round 1
Computer Science and Design,General PWD,-,A) Delhi Region,Round 1
Computer Science and Engineering,General PWD,-,A) Delhi Region,Round 1
Computer Science and Social Sciences,General PWD,-,A) Delhi Region,Round 1
Electronics and Communication Engineering,General PWD,-,A) Delhi Region,Round 1
Electronics and VLSI Engineering,General PWD,-,A) Delhi Region,Round 1
Computer Science and Applied Mathematics,General PWD,-,B) Outside Delhi Region,Round 1
Computer Science and Artificial Intelligence,General PWD,-,B) Outside Delhi Region,Round 1
Computer Science and Biosciences,General PWD,-,B) Outside Delhi Region,Round 1
Computer Science and Design,General PWD,-,B) Outside Delhi Region,Round 1
Computer Science and Engineering,General PWD,-,B) Outside Delhi Region,Round 1
Computer Science and Social Sciences,General PWD,-,B) Outside Delhi Region,Round 1
Electronics and Communication Engineering,General PWD,-,B) Outside Delhi Region,Round 1
Electronics and VLSI Engineering,General PWD,-,B) Outside Delhi Region,Round 1
Computer Science and Applied Mathematics,General PWD,-,A) Delhi Region,Round 2
Computer Science and Artificial Intelligence,General PWD,-,A) Delhi Region,Round 2
Computer Science and Biosciences,General PWD,-,A) Delhi Region,Round 2
Computer Science and Design,General PWD,-,A) Delhi Region,Round 2
Computer Science and Engineering,General PWD,-,A) Delhi Region,Round 2
Computer Science and Social Sciences,General PWD,-,A) Delhi Region,Round 2
Electronics and Communication Engineering,General PWD,-,A) Delhi Region,Round 2
Electronics and VLSI Engineering,General PWD,-,A) Delhi Region,Round 2
Computer Science and Applied Mathematics,General PWD,-,B) Outside Delhi Region,Round 2
Computer Science and Artificial Intelligence,General PWD,-,B) Outside Delhi Region,Round 2
Computer Science and Biosciences,General PWD,-,B) Outside Delhi Region,Round 2
Computer Science and Design,General PWD,-,B) Outside Delhi Region,Round 2
Computer Science and Engineering,General PWD,-,B) Outside Delhi Region,Round 2
Computer Science and Social Sciences,General PWD,-,B) Outside Delhi Region,Round 2
Electronics and Communication Engineering,General PWD,-,B) Outside Delhi Region,Round 2
Electronics and VLSI Engineering,General PWD,-,B) Outside Delhi Region,Round 2
Computer Science and Applied Mathematics,General PWD,-,A) Delhi Region,Round 3
Computer Science and Artificial Intelligence,General PWD,-,A) Delhi Region,Round 3
Computer Science and Biosciences,General PWD,-,A) Delhi Region,Round 3
Computer Science and Design,General PWD,-,A) Delhi Region,Round 3
Computer Science and Engineering,General PWD,-,A) Delhi Region,Round 3
Computer Science and Social Sciences,General PWD,-,A) Delhi Region,Round 3
Electronics and Communication Engineering,General PWD,-,A) Delhi Region,Round 3
Electronics and VLSI Engineering,General PWD,-,A) Delhi Region,Round 3
Computer Science and Applied Mathematics,General PWD,-,B) Outside Delhi Region,Round 3
Computer Science and Artificial Intelligence,General PWD,-,B) Outside Delhi Region,Round 3
Computer Science and Biosciences,General PWD,-,B) Outside Delhi Region,Round 3
Computer Science and Design,General PWD,-,B) Outside Delhi Region,Round 3
Computer Science and Engineering,General PWD,-,B) Outside Delhi Region,Round 3
Computer Science and Social Sciences,General PWD,-,B) Outside Delhi Region,Round 3
Electronics and Communication Engineering,General PWD,-,B) Outside Delhi Region,Round 3
Electronics and VLSI Engineering,General PWD,-,B) Outside Delhi Region,Round 3
Computer Science and Applied Mathematics,General PWD,-,A) Delhi Region,Round 4
Computer Science and Artificial Intelligence,General PWD,-,A) Delhi Region,Round 4
Computer Science and Biosciences,General PWD,-,A) Delhi Region,Round 4
Computer Science and Design,General PWD,-,A) Delhi Region,Round 4
Computer Science and Engineering,General PWD,-,A) Delhi Region,Round 4
Computer Science and Social Sciences,General PWD,-,A) Delhi Region,Round 4
Electronics and Communication Engineering,General PWD,-,A) Delhi Region,Round 4
Electronics and VLSI Engineering,General PWD,-,A) Delhi Region,Round 4
Computer Science and Applied Mathematics,General PWD,-,B) Outside Delhi Region,Round 4
Computer Science and Artificial Intelligence,General PWD,-,B) Outside Delhi Region,Round 4
Computer Science and Biosciences,General PWD,-,B) Outside Delhi Region,Round 4
Computer Science and Design,General PWD,-,B) Outside Delhi Region,Round 4
Computer Science and Engineering,General PWD,-,B) Outside Delhi Region,Round 4
Computer Science and Social Sciences,General PWD,-,B) Outside Delhi Region,Round 4
Electronics and Communication Engineering,General PWD,-,B) Outside Delhi Region,Round 4
Electronics and VLSI Engineering,General PWD,-,B) Outside Delhi Region,Round 4
Computer Science and Applied Mathematics,General PWD,-,A) Delhi Region,Round 5
Computer Science and Artificial Intelligence,General PWD,-,A) Delhi Region,Round 5
Computer Science and Biosciences,General PWD,-,A) Delhi Region,Round 5
Computer Science and Design,General PWD,-,A) Delhi Region,Round 5
Computer Science and Engineering,General PWD,-,A) Delhi Region,Round 5
Computer Science and Social Sciences,General PWD,-,A) Delhi Region,Round 5
Electronics and Communication Engineering,General PWD,-,A) Delhi Region,Round 5
Electronics and VLSI Engineering,General PWD,-,A) Delhi Region,Round 5
Computer Science and Applied Mathematics,General PWD,-,B) Outside Delhi Region,Round 5
Computer Science and Artificial Intelligence,General PWD,-,B) Outside Delhi Region,Round 5
Computer Science and Biosciences,General PWD,-,B) Outside Delhi Region,Round 5
Computer Science and Design,General PWD,-,B) Outside Delhi Region,Round 5
Computer Science and Engineering,General PWD,-,B) Outside Delhi Region,Round 5
Computer Science and Social Sciences,General PWD,-,B) Outside Delhi Region,Round 5
Electronics and Communication Engineering,General PWD,-,B) Outside Delhi Region,Round 5
Electronics and VLSI Engineering,General PWD,-,B) Outside Delhi Region,Round 5
Computer Science and Applied Mathematics,EWS,4784 (32921),A) Delhi Region,Round 1
Computer Science and Artificial Intelligence,EWS,3139 (22139),A) Delhi Region,Round 1
Computer Science and Biosciences,EWS,5114 (35353),A) Delhi Region,Round 1
Computer Science and Design,EWS,4620 (31599),A) Delhi Region,Round 1
Computer Science and Engineering,EWS,4017 (27469),A) Delhi Region,Round 1
Computer Science and Social Sciences,EWS,4855 (33425),A) Delhi Region,Round 1
Electronics and Communication Engineering,EWS,6226 (43377),A) Delhi Region,Round 1
Electronics and VLSI Engineering,EWS,7055 (49406),A) Delhi Region,Round 1
Computer Science and Applied Mathematics,EWS,495 (5430),B) Outside Delhi Region,Round 1
Computer Science and Artificial Intelligence,EWS,126 (2186),B) Outside Delhi Region,Round 1
Computer Science and Biosciences,EWS,-,B) Outside Delhi Region,Round 1
Computer Science and Design,EWS,679 (6718),B) Outside Delhi Region,Round 1
Computer Science and Engineering,EWS,292 (3692),B) Outside Delhi Region,Round 1
Computer Science and Social Sciences,EWS,825 (7590),B) Outside Delhi Region,Round 1
Electronics and Communication Engineering,EWS,990 (8562),B) Outside Delhi Region,Round 1
Electronics and VLSI Engineering,EWS,1020 (8762),B) Outside Delhi Region,Round 1
Computer Science and Applied Mathematics,EWS,4902 (33772),A) Delhi Region,Round 2
Computer Science and Artificial Intelligence,EWS,3938 (26952),A) Delhi Region,Round 2
Computer Science and Biosciences,EWS,5369 (37001),A) Delhi Region,Round 2
Computer Science and Design,EWS,5140 (35493),A) Delhi Region,Round 2
Computer Science and Engineering,EWS,4620 (31599),A) Delhi Region,Round 2
Computer Science and Social Sciences,EWS,5812 (40255),A) Delhi Region,Round 2
Electronics and Communication Engineering,EWS,6931 (48456),A) Delhi Region,Round 2
Electronics and VLSI Engineering,EWS,7745 (55013),A) Delhi Region,Round 2
Computer Science and Applied Mathematics,EWS,828 (7615),B) Outside Delhi Region,Round 2
Computer Science and Artificial Intelligence,EWS,638 (6487),B) Outside Delhi Region,Round 2
Computer Science and Biosciences,EWS,1086 (9322),B) Outside Delhi Region,Round 2
Computer Science and Design,EWS,1020 (8762),B) Outside Delhi Region,Round 2
Computer Science and Engineering,EWS,936 (8266),B) Outside Delhi Region,Round 2
Computer Science and Social Sciences,EWS,1081 (9246),B) Outside Delhi Region,Round 2
Electronics and Communication Engineering,EWS,1346 (10981),B) Outside Delhi Region,Round 2
Electronics and VLSI Engineering,EWS,1494 (11990),B) Outside Delhi Region,Round 2
Computer Science and Applied Mathematics,EWS,5288 (35493),A) Delhi Region,Round 3
Computer Science and Artificial Intelligence,EWS,4648 (30861),A) Delhi Region,Round 3
Computer Science and Biosciences,EWS,6063 (40815),A) Delhi Region,Round 3
Computer Science and Design,EWS,5476 (36629),A) Delhi Region,Round 3
Computer Science and Engineering,EWS,4810 (32188),A) Delhi Region,Round 3
Computer Science and Social Sciences,EWS,6103 (41102),A) Delhi Region,Round 3
Electronics and Communication Engineering,EWS,7151 (48456),A) Delhi Region,Round 3
Electronics and VLSI Engineering,EWS,7987 (55013),A) Delhi Region,Round 3
Computer Science and Applied Mathematics,EWS,1030 (8762),B) Outside Delhi Region,Round 3
Computer Science and Artificial Intelligence,EWS,-,B) Outside Delhi Region,Round 3
Computer Science and Biosciences,EWS,1097 (9322),B) Outside Delhi Region,Round 3
Computer Science and Design,EWS,1091 (9246),B) Outside Delhi Region,Round 3
Computer Science and Engineering,EWS,945 (8266),B) Outside Delhi Region,Round 3
Computer Science and Social Sciences,EWS,1196 (9959),B) Outside Delhi Region,Round 3
Electronics and Communication Engineering,EWS,-,B) Outside Delhi Region,Round 3
Electronics and VLSI Engineering,EWS,1740 (13358),B) Outside Delhi Region,Round 3
Computer Science and Applied Mathematics,EWS,5288 (35493),A) Delhi Region,Round 4
Computer Science and Artificial Intelligence,EWS,4648 (30861),A) Delhi Region,Round 4
Computer Science and Biosciences,EWS,6063 (40815),A) Delhi Region,Round 4
Computer Science and Design,EWS,5476 (36629),A) Delhi Region,Round 4
Computer Science and Engineering,EWS,4810 (32188),A) Delhi Region,Round 4
Computer Science and Social Sciences,EWS,6103 (41102),A) Delhi Region,Round 4
Electronics and Communication Engineering,EWS,7151 (48456),A) Delhi Region,Round 4
Electronics and VLSI Engineering,EWS,7987 (55013),A) Delhi Region,Round 4
Computer Science and Applied Mathematics,EWS,1030 (8762),B) Outside Delhi Region,Round 4
Computer Science and Artificial Intelligence,EWS,-,B) Outside Delhi Region,Round 4
Computer Science and Biosciences,EWS,1255 (10275),B) Outside Delhi Region,Round 4
Computer Science and Design,EWS,1097 (9322),B) Outside Delhi Region,Round 4
Computer Science and Engineering,EWS,945 (8266),B) Outside Delhi Region,Round 4
Computer Science and Social Sciences,EWS,1254 (10273),B) Outside Delhi Region,Round 4
Electronics and Communication Engineering,EWS,1576 (12347),B) Outside Delhi Region,Round 4
Electronics and VLSI Engineering,EWS,1740 (13358),B) Outside Delhi Region,Round 4
Computer Science and Applied Mathematics,EWS,6592 (44494),A) Delhi Region,Round 5
Computer Science and Artificial Intelligence,EWS,4711 (31341),A) Delhi Region,Round 5
Computer Science and Biosciences,EWS,6436 (43452),A) Delhi Region,Round 5
Computer Science and Design,EWS,6063 (40815),A) Delhi Region,Round 5
Computer Science and Engineering,EWS,4953 (33130),A) Delhi Region,Round 5
Computer Science and Social Sciences,EWS,6685 (45174),A) Delhi Region,Round 5
Electronics and Communication Engineering,EWS,7472 (50907),A) Delhi Region,Round 5
Electronics and VLSI Engineering,EWS,8593 (59672),A) Delhi Region,Round 5
Computer Science and Applied Mathematics,EWS,1328 (10769),B) Outside Delhi Region,Round 5
Computer Science and Artificial Intelligence,EWS,1097 (9322),B) Outside Delhi Region,Round 5
Computer Science and Biosciences,EWS,1640 (12761),B) Outside Delhi Region,Round 5
Computer Science and Design,EWS,1559 (12269),B) Outside Delhi Region,Round 5
Computer Science and Engineering,EWS,1030 (8762),B) Outside Delhi Region,Round 5
Computer Science and Social Sciences,EWS,1638 (12742),B) Outside Delhi Region,Round 5
Electronics and Communication Engineering,EWS,1910 (14388),B) Outside Delhi Region,Round 5
Electronics and VLSI Engineering,EWS,2064 (15296),B) Outside Delhi Region,Round 5
Computer Science and Applied Mathematics,EWS,44494,A) Delhi Region,Upgradation Round
Computer Science and Artificial Intelligence,EWS,31341,A) Delhi Region,Upgradation Round
Computer Science and Biosciences,EWS,43452,A) Delhi Region,Upgradation Round
Computer Science and Design,EWS,40815,A) Delhi Region,Upgradation Round
Computer Science and Engineering,EWS,33130,A) Delhi Region,Upgradation Round
Computer Science and Social Sciences,EWS,45174,A) Delhi Region,Upgradation Round
Electronics and Communication Engineering,EWS,50907,A) Delhi Region,Upgradation Round
Electronics and VLSI Engineering,EWS,59672,A) Delhi Region,Upgradation Round
Computer Science and Applied Mathematics,EWS,16633,B) Outside Delhi Region,Upgradation Round
Computer Science and Artificial Intelligence,EWS,9322,B) Outside Delhi Region,Upgradation Round
Computer Science and Biosciences,EWS,17319,B) Outside Delhi Region,Upgradation Round
Computer Science and Design,EWS,16236,B) Outside Delhi Region,Upgradation Round
Computer Science and Engineering,EWS,8762,B) Outside Delhi Region,Upgradation Round
Computer Science and Social Sciences,EWS,19150,B) Outside Delhi Region,Upgradation Round
Electronics and Communication Engineering,EWS,17153,B) Outside Delhi Region,Upgradation Round
Electronics and VLSI Engineering,EWS,20039,B) Outside Delhi Region,Upgradation Round
Computer Science and Applied Mathematics,EWS,-,A) Delhi Region,Spot Round
Computer Science and Artificial Intelligence,EWS,-,A) Delhi Region,Spot Round
Computer Science and Biosciences,EWS,-,A) Delhi Region,Spot Round
Computer Science and Design,EWS,-,A) Delhi Region,Spot Round
Computer Science and Engineering,EWS,-,A) Delhi Region,Spot Round
Computer Science and Social Sciences,EWS,-,A) Delhi Region,Spot Round
Electronics and Communication Engineering,EWS,-,A) Delhi Region,Spot Round
Electronics and VLSI Engineering,EWS,-,A) Delhi Region,Spot Round
Computer Science and Applied Mathematics,EWS,-,B) Outside Delhi Region,Spot Round
Computer Science and Artificial Intelligence,EWS,-,B) Outside Delhi Region,Spot Round
Computer Science and Biosciences,EWS,787 (18945),B) Outside Delhi Region,Spot Round
Computer Science and Design,EWS,-,B) Outside Delhi Region,Spot Round
Computer Science and Engineering,EWS,-,B) Outside Delhi Region,Spot Round
Computer Science and Social Sciences,EWS,-,B) Outside Delhi Region,Spot Round
Electronics and Communication Engineering,EWS,-,B) Outside Delhi Region,Spot Round
Electronics and VLSI Engineering,EWS,-,B) Outside Delhi Region,Spot Round
Computer Science and Applied Mathematics,EWS,-,A) Delhi Region,Round 1
Computer Science and Artificial Intelligence,EWS,-,A) Delhi Region,Round 1
Computer Science and Biosciences,EWS,-,A) Delhi Region,Round 1
Computer Science and Design,EWS,-,A) Delhi Region,Round 1
Computer Science and Engineering,EWS,-,A) Delhi Region,Round 1
Computer Science and Social Sciences,EWS,-,A) Delhi Region,Round 1
Electronics and Communication Engineering,EWS,-,A) Delhi Region,Round 1
Electronics and VLSI Engineering,EWS,-,A) Delhi Region,Round 1
Computer Science and Applied Mathematics,EWS,-,B) Outside Delhi Region,Round 1
Computer Science and Artificial Intelligence,EWS,-,B) Outside Delhi Region,Round 1
Computer Science and Biosciences,EWS,-,B) Outside Delhi Region,Round 1
Computer Science and Design,EWS,-,B) Outside Delhi Region,Round 1
Computer Science and Engineering,EWS,-,B) Outside Delhi Region,Round 1
Computer Science and Social Sciences,EWS,-,B) Outside Delhi Region,Round 1
Electronics and Communication Engineering,EWS,-,B) Outside Delhi Region,Round 1
Electronics and VLSI Engineering,EWS,-,B) Outside Delhi Region,Round 1
Computer Science and Applied Mathematics,EWS,-,A) Delhi Region,Round 2
Computer Science and Artificial Intelligence,EWS,-,A) Delhi Region,Round 2
Computer Science and Biosciences,EWS,-,A) Delhi Region,Round 2
Computer Science and Design,EWS,-,A) Delhi Region,Round 2
Computer Science and Engineering,EWS,-,A) Delhi Region,Round 2
Computer Science and Social Sciences,EWS,-,A) Delhi Region,Round 2
Electronics and Communication Engineering,EWS,-,A) Delhi Region,Round 2
Electronics and VLSI Engineering,EWS,-,A) Delhi Region,Round 2
Computer Science and Applied Mathematics,EWS,-,B) Outside Delhi Region,Round 2
Computer Science and Artificial Intelligence,EWS,172 (14274),B) Outside Delhi Region,Round 2
Computer Science and Biosciences,EWS,-,B) Outside Delhi Region,Round 2
Computer Science and Design,EWS,-,B) Outside Delhi Region,Round 2
Computer Science and Engineering,EWS,-,B) Outside Delhi Region,Round 2
Computer Science and Social Sciences,EWS,-,B) Outside Delhi Region,Round 2
Electronics and Communication Engineering,EWS,1562 (23688),B) Outside Delhi Region,Round 2
Electronics and VLSI Engineering,EWS,-,B) Outside Delhi Region,Round 2
Computer Science and Applied Mathematics,EWS,-,A) Delhi Region,Round 3
Computer Science and Artificial Intelligence,EWS,-,A) Delhi Region,Round 3
Computer Science and Biosciences,EWS,-,A) Delhi Region,Round 3
Computer Science and Design,EWS,-,A) Delhi Region,Round 3
Computer Science and Engineering,EWS,-,A) Delhi Region,Round 3
Computer Science and Social Sciences,EWS,-,A) Delhi Region,Round 3
Electronics and Communication Engineering,EWS,-,A) Delhi Region,Round 3
Electronics and VLSI Engineering,EWS,-,A) Delhi Region,Round 3
Computer Science and Applied Mathematics,EWS,-,B) Outside Delhi Region,Round 3
Computer Science and Artificial Intelligence,EWS,172 (14274),B) Outside Delhi Region,Round 3
Computer Science and Biosciences,EWS,-,B) Outside Delhi Region,Round 3
Computer Science and Design,EWS,-,B) Outside Delhi Region,Round 3
Computer Science and Engineering,EWS,-,B) Outside Delhi Region,Round 3
Computer Science and Social Sciences,EWS,-,B) Outside Delhi Region,Round 3
Electronics and Communication Engineering,EWS,-,B) Outside Delhi Region,Round 3
Electronics and VLSI Engineering,EWS,-,B) Outside Delhi Region,Round 3
Computer Science and Applied Mathematics,EWS,-,A) Delhi Region,Round 4
Computer Science and Artificial Intelligence,EWS,-,A) Delhi Region,Round 4
Computer Science and Biosciences,EWS,-,A) Delhi Region,Round 4
Computer Science and Design,EWS,-,A) Delhi Region,Round 4
Computer Science and Engineering,EWS,-,A) Delhi Region,Round 4
Computer Science and Social Sciences,EWS,-,A) Delhi Region,Round 4
Electronics and Communication Engineering,EWS,-,A) Delhi Region,Round 4
Electronics and VLSI Engineering,EWS,-,A) Delhi Region,Round 4
Computer Science and Applied Mathematics,EWS,-,B) Outside Delhi Region,Round 4
Computer Science and Artificial Intelligence,EWS,-,B) Outside Delhi Region,Round 4
Computer Science and Biosciences,EWS,-,B) Outside Delhi Region,Round 4
Computer Science and Design,EWS,-,B) Outside Delhi Region,Round 4
Computer Science and Engineering,EWS,-,B) Outside Delhi Region,Round 4
Computer Science and Social Sciences,EWS,-,B) Outside Delhi Region,Round 4
Electronics and Communication Engineering,EWS,-,B) Outside Delhi Region,Round 4
Electronics and VLSI Engineering,EWS,-,B) Outside Delhi Region,Round 4
Computer Science and Applied Mathematics,EWS,-,A) Delhi Region,Round 5
Computer Science and Artificial Intelligence,EWS,-,A) Delhi Region,Round 5
Computer Science and Biosciences,EWS,-,A) Delhi Region,Round 5
Computer Science and Design,EWS,-,A) Delhi Region,Round 5
Computer Science and Engineering,EWS,-,A) Delhi Region,Round 5
Computer Science and Social Sciences,EWS,-,A) Delhi Region,Round 5
Electronics and Communication Engineering,EWS,-,A) Delhi Region,Round 5
Electronics and VLSI Engineering,EWS,-,A) Delhi Region,Round 5
Computer Science and Applied Mathematics,EWS,-,B) Outside Delhi Region,Round 5
Computer Science and Artificial Intelligence,EWS,-,B) Outside Delhi Region,Round 5
Computer Science and Biosciences,EWS,-,B) Outside Delhi Region,Round 5
Computer Science and Design,EWS,-,B) Outside Delhi Region,Round 5
Computer Science and Engineering,EWS,-,B) Outside Delhi Region,Round 5
Computer Science and Social Sciences,EWS,-,B) Outside Delhi Region,Round 5
Electronics and Communication Engineering,EWS,-,B) Outside Delhi Region,Round 5
Electronics and VLSI Engineering,EWS,-,B) Outside Delhi Region,Round 5
Computer Science and Applied Mathematics,EWS Defence,-,A) Delhi Region,Round 1
Computer Science and Artificial Intelligence,EWS Defence,-,A) Delhi Region,Round 1
Computer Science and Biosciences,EWS Defence,-,A) Delhi Region,Round 1
Computer Science and Design,EWS Defence,-,A) Delhi Region,Round 1
Computer Science and Engineering,EWS Defence,11761 (92984 (Priority VI)),A) Delhi Region,Round 1
Computer Science and Social Sciences,EWS Defence,-,A) Delhi Region,Round 1
Electronics and Communication Engineering,EWS Defence,-,A) Delhi Region,Round 1
Electronics and VLSI Engineering,EWS Defence,-,A) Delhi Region,Round 1
Computer Science and Applied Mathematics,EWS Defence,-,B) Outside Delhi Region,Round 1
Computer Science and Artificial Intelligence,EWS Defence,-,B) Outside Delhi Region,Round 1
Computer Science and Biosciences,EWS Defence,-,B) Outside Delhi Region,Round 1
Computer Science and Design,EWS Defence,-,B) Outside Delhi Region,Round 1
Computer Science and Engineering,EWS Defence,-,B) Outside Delhi Region,Round 1
Computer Science and Social Sciences,EWS Defence,-,B) Outside Delhi Region,Round 1
Electronics and Communication Engineering,EWS Defence,-,B) Outside Delhi Region,Round 1
Electronics and VLSI Engineering,EWS Defence,-,B) Outside Delhi Region,Round 1
Computer Science and Applied Mathematics,EWS Defence,-,A) Delhi Region,Round 2
Computer Science and Artificial Intelligence,EWS Defence,-,A) Delhi Region,Round 2
Computer Science and Biosciences,EWS Defence,-,A) Delhi Region,Round 2
Computer Science and Design,EWS Defence,-,A) Delhi Region,Round 2
Computer Science and Engineering,EWS Defence,11761 (92984 (Priority VI)),A) Delhi Region,Round 2
Computer Science and Social Sciences,EWS Defence,-,A) Delhi Region,Round 2
Electronics and Communication Engineering,EWS Defence,-,A) Delhi Region,Round 2
Electronics and VLSI Engineering,EWS Defence,-,A) Delhi Region,Round 2
Computer Science and Applied Mathematics,EWS Defence,-,B) Outside Delhi Region,Round 2
Computer Science and Artificial Intelligence,EWS Defence,-,B) Outside Delhi Region,Round 2
Computer Science and Biosciences,EWS Defence,-,B) Outside Delhi Region,Round 2
Computer Science and Design,EWS Defence,-,B) Outside Delhi Region,Round 2
Computer Science and Engineering,EWS Defence,-,B) Outside Delhi Region,Round 2
Computer Science and Social Sciences,EWS Defence,-,B) Outside Delhi Region,Round 2
Electronics and Communication Engineering,EWS Defence,-,B) Outside Delhi Region,Round 2
Electronics and VLSI Engineering,EWS Defence,-,B) Outside Delhi Region,Round 2
Computer Science and Applied Mathematics,EWS Defence,-,A) Delhi Region,Round 3
Computer Science and Artificial Intelligence,EWS Defence,-,A) Delhi Region,Round 3
Computer Science and Biosciences,EWS Defence,-,A) Delhi Region,Round 3
Computer Science and Design,EWS Defence,-,A) Delhi Region,Round 3
Computer Science and Engineering,EWS Defence,12189 (92984 (Priority VI)),A) Delhi Region,Round 3
Computer Science and Social Sciences,EWS Defence,-,A) Delhi Region,Round 3
Electronics and Communication Engineering,EWS Defence,-,A) Delhi Region,Round 3
Electronics and VLSI Engineering,EWS Defence,-,A) Delhi Region,Round 3
Computer Science and Applied Mathematics,EWS Defence,-,B) Outside Delhi Region,Round 3
Computer Science and Artificial Intelligence,EWS Defence,-,B) Outside Delhi Region,Round 3
Computer Science and Biosciences,EWS Defence,-,B) Outside Delhi Region,Round 3
Computer Science and Design,EWS Defence,-,B) Outside Delhi Region,Round 3
Computer Science and Engineering,EWS Defence,-,B) Outside Delhi Region,Round 3
Computer Science and Social Sciences,EWS Defence,-,B) Outside Delhi Region,Round 3
Electronics and Communication Engineering,EWS Defence,-,B) Outside Delhi Region,Round 3
Electronics and VLSI Engineering,EWS Defence,-,B) Outside Delhi Region,Round 3
Computer Science and Applied Mathematics,EWS Defence,-,A) Delhi Region,Round 4
Computer Science and Artificial Intelligence,EWS Defence,-,A) Delhi Region,Round 4
Computer Science and Biosciences,EWS Defence,-,A) Delhi Region,Round 4
Computer Science and Design,EWS Defence,-,A) Delhi Region,Round 4
Computer Science and Engineering,EWS Defence,12188 (92984 (Priority VI)),A) Delhi Region,Round 4
Computer Science and Social Sciences,EWS Defence,-,A) Delhi Region,Round 4
Electronics and Communication Engineering,EWS Defence,-,A) Delhi Region,Round 4
Electronics and VLSI Engineering,EWS Defence,-,A) Delhi Region,Round 4
Computer Science and Applied Mathematics,EWS Defence,-,B) Outside Delhi Region,Round 4
Computer Science and Artificial Intelligence,EWS Defence,-,B) Outside Delhi Region,Round 4
Computer Science and Biosciences,EWS Defence,-,B) Outside Delhi Region,Round 4
Computer Science and Design,EWS Defence,-,B) Outside Delhi Region,Round 4
Computer Science and Engineering,EWS Defence,-,B) Outside Delhi Region,Round 4
Computer Science and Social Sciences,EWS Defence,-,B) Outside Delhi Region,Round 4
Electronics and Communication Engineering,EWS Defence,-,B) Outside Delhi Region,Round 4
Electronics and VLSI Engineering,EWS Defence,-,B) Outside Delhi Region,Round 4
Computer Science and Applied Mathematics,EWS Defence,-,A) Delhi Region,Round 5
Computer Science and Artificial Intelligence,EWS Defence,-,A) Delhi Region,Round 5
Computer Science and Biosciences,EWS Defence,-,A) Delhi Region,Round 5
Computer Science and Design,EWS Defence,-,A) Delhi Region,Round 5
Computer Science and Engineering,EWS Defence,12187 (92984 (Priority VI)),A) Delhi Region,Round 5
Computer Science and Social Sciences,EWS Defence,-,A) Delhi Region,Round 5
Electronics and Communication Engineering,EWS Defence,-,A) Delhi Region,Round 5
Electronics and VLSI Engineering,EWS Defence,-,A) Delhi Region,Round 5
Computer Science and Applied Mathematics,EWS Defence,-,B) Outside Delhi Region,Round 5
Computer Science and Artificial Intelligence,EWS Defence,-,B) Outside Delhi Region,Round 5
Computer Science and Biosciences,EWS Defence,-,B) Outside Delhi Region,Round 5
Computer Science and Design,EWS Defence,-,B) Outside Delhi Region,Round 5
Computer Science and Engineering,EWS Defence,-,B) Outside Delhi Region,Round 5
Computer Science and Social Sciences,EWS Defence,-,B) Outside Delhi Region,Round 5
Electronics and Communication Engineering,EWS Defence,-,B) Outside Delhi Region,Round 5
Electronics and VLSI Engineering,EWS Defence,-,B) Outside Delhi Region,Round 5
Computer Science and Applied Mathematics,EWS Defence,-,A) Delhi Region,Upgradation Round
Computer Science and Artificial Intelligence,EWS Defence,-,A) Delhi Region,Upgradation Round
Computer Science and Biosciences,EWS Defence,-,A) Delhi Region,Upgradation Round
Computer Science and Design,EWS Defence,-,A) Delhi Region,Upgradation Round
Computer Science and Engineering,EWS Defence,92984 (Priority VI),A) Delhi Region,Upgradation Round
Computer Science and Social Sciences,EWS Defence,-,A) Delhi Region,Upgradation Round
Electronics and Communication Engineering,EWS Defence,-,A) Delhi Region,Upgradation Round
Electronics and VLSI Engineering,EWS Defence,-,A) Delhi Region,Upgradation Round
Computer Science and Applied Mathematics,EWS Defence,-,B) Outside Delhi Region,Upgradation Round
Computer Science and Artificial Intelligence,EWS Defence,-,B) Outside Delhi Region,Upgradation Round
Computer Science and Biosciences,EWS Defence,-,B) Outside Delhi Region,Upgradation Round
Computer Science and Design,EWS Defence,-,B) Outside Delhi Region,Upgradation Round
Computer Science and Engineering,EWS Defence,-,B) Outside Delhi Region,Upgradation Round
Computer Science and Social Sciences,EWS Defence,-,B) Outside Delhi Region,Upgradation Round
Electronics and Communication Engineering,EWS Defence,-,B) Outside Delhi Region,Upgradation Round
Electronics and VLSI Engineering,EWS Defence,-,B) Outside Delhi Region,Upgradation Round
Computer Science and Applied Mathematics,EWS Defence,-,A) Delhi Region,Spot Round
Computer Science and Artificial Intelligence,EWS Defence,-,A) Delhi Region,Spot Round
Computer Science and Biosciences,EWS Defence,-,A) Delhi Region,Spot Round
Computer Science and Design,EWS Defence,-,A) Delhi Region,Spot Round
Computer Science and Engineering,EWS Defence,-,A) Delhi Region,Spot Round
Computer Science and Social Sciences,EWS Defence,-,A) Delhi Region,Spot Round
Electronics and Communication Engineering,EWS Defence,-,A) Delhi Region,Spot Round
Electronics and VLSI Engineering,EWS Defence,-,A) Delhi Region,Spot Round
Computer Science and Applied Mathematics,EWS Defence,-,B) Outside Delhi Region,Spot Round
Computer Science and Artificial Intelligence,EWS Defence,-,B) Outside Delhi Region,Spot Round
Computer Science and Biosciences,EWS Defence,-,B) Outside Delhi Region,Spot Round
Computer Science and Design,EWS Defence,-,B) Outside Delhi Region,Spot Round
Computer Science and Engineering,EWS Defence,-,B) Outside Delhi Region,Spot Round
Computer Science and Social Sciences,EWS Defence,-,B) Outside Delhi Region,Spot Round
Electronics and Communication Engineering,EWS Defence,-,B) Outside Delhi Region,Spot Round
Electronics and VLSI Engineering,EWS Defence,-,B) Outside Delhi Region,Spot Round
Computer Science and Applied Mathematics,EWS Defence,-,A) Delhi Region,Round 1
Computer Science and Artificial Intelligence,EWS Defence,-,A) Delhi Region,Round 1
Computer Science and Biosciences,EWS Defence,-,A) Delhi Region,Round 1
Computer Science and Design,EWS Defence,-,A) Delhi Region,Round 1
Computer Science and Engineering,EWS Defence,-,A) Delhi Region,Round 1
Computer Science and Social Sciences,EWS Defence,-,A) Delhi Region,Round 1
Electronics and Communication Engineering,EWS Defence,-,A) Delhi Region,Round 1
Electronics and VLSI Engineering,EWS Defence,-,A) Delhi Region,Round 1
Computer Science and Applied Mathematics,EWS Defence,-,B) Outside Delhi Region,Round 1
Computer Science and Artificial Intelligence,EWS Defence,-,B) Outside Delhi Region,Round 1
Computer Science and Biosciences,EWS Defence,-,B) Outside Delhi Region,Round 1
Computer Science and Design,EWS Defence,-,B) Outside Delhi Region,Round 1
Computer Science and Engineering,EWS Defence,-,B) Outside Delhi Region,Round 1
Computer Science and Social Sciences,EWS Defence,-,B) Outside Delhi Region,Round 1
Electronics and Communication Engineering,EWS Defence,-,B) Outside Delhi Region,Round 1
Electronics and VLSI Engineering,EWS Defence,-,B) Outside Delhi Region,Round 1
Computer Science and Applied Mathematics,EWS Defence,-,A) Delhi Region,Round 2
Computer Science and Artificial Intelligence,EWS Defence,-,A) Delhi Region,Round 2
Computer Science and Biosciences,EWS Defence,-,A) Delhi Region,Round 2
Computer Science and Design,EWS Defence,-,A) Delhi Region,Round 2
Computer Science and Engineering,EWS Defence,-,A) Delhi Region,Round 2
Computer Science and Social Sciences,EWS Defence,-,A) Delhi Region,Round 2
Electronics and Communication Engineering,EWS Defence,-,A) Delhi Region,Round 2
Electronics and VLSI Engineering,EWS Defence,-,A) Delhi Region,Round 2
Computer Science and Applied Mathematics,EWS Defence,-,B) Outside Delhi Region,Round 2
Computer Science and Artificial Intelligence,EWS Defence,-,B) Outside Delhi Region,Round 2
Computer Science and Biosciences,EWS Defence,-,B) Outside Delhi Region,Round 2
Computer Science and Design,EWS Defence,-,B) Outside Delhi Region,Round 2
Computer Science and Engineering,EWS Defence,-,B) Outside Delhi Region,Round 2
Computer Science and Social Sciences,EWS Defence,-,B) Outside Delhi Region,Round 2
Electronics and Communication Engineering,EWS Defence,-,B) Outside Delhi Region,Round 2
Electronics and VLSI Engineering,EWS Defence,-,B) Outside Delhi Region,Round 2
Computer Science and Applied Mathematics,EWS Defence,-,A) Delhi Region,Round 3
Computer Science and Artificial Intelligence,EWS Defence,-,A) Delhi Region,Round 3
Computer Science and Biosciences,EWS Defence,-,A) Delhi Region,Round 3
Computer Science and Design,EWS Defence,-,A) Delhi Region,Round 3
Computer Science and Engineering,EWS Defence,-,A) Delhi Region,Round 3
Computer Science and Social Sciences,EWS Defence,-,A) Delhi Region,Round 3
Electronics and Communication Engineering,EWS Defence,-,A) Delhi Region,Round 3
Electronics and VLSI Engineering,EWS Defence,-,A) Delhi Region,Round 3
Computer Science and Applied Mathematics,EWS Defence,-,B) Outside Delhi Region,Round 3
Computer Science and Artificial Intelligence,EWS Defence,-,B) Outside Delhi Region,Round 3
Computer Science and Biosciences,EWS Defence,-,B) Outside Delhi Region,Round 3
Computer Science and Design,EWS Defence,-,B) Outside Delhi Region,Round 3
Computer Science and Engineering,EWS Defence,-,B) Outside Delhi Region,Round 3
Computer Science and Social Sciences,EWS Defence,-,B) Outside Delhi Region,Round 3
Electronics and Communication Engineering,EWS Defence,-,B) Outside Delhi Region,Round 3
Electronics and VLSI Engineering,EWS Defence,-,B) Outside Delhi Region,Round 3
Computer Science and Applied Mathematics,EWS Defence,-,A) Delhi Region,Round 4
Computer Science and Artificial Intelligence,EWS Defence,-,A) Delhi Region,Round 4
Computer Science and Biosciences,EWS Defence,-,A) Delhi Region,Round 4
Computer Science and Design,EWS Defence,-,A) Delhi Region,Round 4
Computer Science and Engineering,EWS Defence,-,A) Delhi Region,Round 4
Computer Science and Social Sciences,EWS Defence,-,A) Delhi Region,Round 4
Electronics and Communication Engineering,EWS Defence,-,A) Delhi Region,Round 4
Electronics and VLSI Engineering,EWS Defence,-,A) Delhi Region,Round 4
Computer Science and Applied Mathematics,EWS Defence,-,B) Outside Delhi Region,Round 4
Computer Science and Artificial Intelligence,EWS Defence,-,B) Outside Delhi Region,Round 4
Computer Science and Biosciences,EWS Defence,-,B) Outside Delhi Region,Round 4
Computer Science and Design,EWS Defence,-,B) Outside Delhi Region,Round 4
Computer Science and Engineering,EWS Defence,-,B) Outside Delhi Region,Round 4
Computer Science and Social Sciences,EWS Defence,-,B) Outside Delhi Region,Round 4
Electronics and Communication Engineering,EWS Defence,-,B) Outside Delhi Region,Round 4
Electronics and VLSI Engineering,EWS Defence,-,B) Outside Delhi Region,Round 4
Computer Science and Applied Mathematics,EWS Defence,-,A) Delhi Region,Round 5
Computer Science and Artificial Intelligence,EWS Defence,-,A) Delhi Region,Round 5
Computer Science and Biosciences,EWS Defence,-,A) Delhi Region,Round 5
Computer Science and Design,EWS Defence,-,A) Delhi Region,Round 5
Computer Science and Engineering,EWS Defence,-,A) Delhi Region,Round 5
Computer Science and Social Sciences,EWS Defence,-,A) Delhi Region,Round 5
Electronics and Communication Engineering,EWS Defence,-,A) Delhi Region,Round 5
Electronics and VLSI Engineering,EWS Defence,-,A) Delhi Region,Round 5
Computer Science and Applied Mathematics,EWS Defence,-,B) Outside Delhi Region,Round 5
Computer Science and Artificial Intelligence,EWS Defence,-,B) Outside Delhi Region,Round 5
Computer Science and Biosciences,EWS Defence,-,B) Outside Delhi Region,Round 5
Computer Science and Design,EWS Defence,-,B) Outside Delhi Region,Round 5
Computer Science and Engineering,EWS Defence,-,B) Outside Delhi Region,Round 5
Computer Science and Social Sciences,EWS Defence,-,B) Outside Delhi Region,Round 5
Electronics and Communication Engineering,EWS Defence,-,B) Outside Delhi Region,Round 5
Electronics and VLSI Engineering,EWS Defence,-,B) Outside Delhi Region,Round 5
Computer Science and Applied Mathematics,EWS PWD,-,A) Delhi Region,Round 1
Computer Science and Artificial Intelligence,EWS PWD,-,A) Delhi Region,Round 1
Computer Science and Biosciences,EWS PWD,-,A) Delhi Region,Round 1
Computer Science and Design,EWS PWD,-,A) Delhi Region,Round 1
Computer Science and Engineering,EWS PWD,-,A) Delhi Region,Round 1
Computer Science and Social Sciences,EWS PWD,-,A) Delhi Region,Round 1
Electronics and Communication Engineering,EWS PWD,-,A) Delhi Region,Round 1
Electronics and VLSI Engineering,EWS PWD,-,A) Delhi Region,Round 1
Computer Science and Applied Mathematics,EWS PWD,-,B) Outside Delhi Region,Round 1
Computer Science and Artificial Intelligence,EWS PWD,-,B) Outside Delhi Region,Round 1
Computer Science and Biosciences,EWS PWD,-,B) Outside Delhi Region,Round 1
Computer Science and Design,EWS PWD,-,B) Outside Delhi Region,Round 1
Computer Science and Engineering,EWS PWD,-,B) Outside Delhi Region,Round 1
Computer Science and Social Sciences,EWS PWD,-,B) Outside Delhi Region,Round 1
Electronics and Communication Engineering,EWS PWD,-,B) Outside Delhi Region,Round 1
Electronics and VLSI Engineering,EWS PWD,-,B) Outside Delhi Region,Round 1
Computer Science and Applied Mathematics,EWS PWD,-,A) Delhi Region,Round 2
Computer Science and Artificial Intelligence,EWS PWD,-,A) Delhi Region,Round 2
Computer Science and Biosciences,EWS PWD,-,A) Delhi Region,Round 2
Computer Science and Design,EWS PWD,-,A) Delhi Region,Round 2
Computer Science and Engineering,EWS PWD,-,A) Delhi Region,Round 2
Computer Science and Social Sciences,EWS PWD,-,A) Delhi Region,Round 2
Electronics and Communication Engineering,EWS PWD,-,A) Delhi Region,Round 2
Electronics and VLSI Engineering,EWS PWD,-,A) Delhi Region,Round 2
Computer Science and Applied Mathematics,EWS PWD,-,B) Outside Delhi Region,Round 2
Computer Science and Artificial Intelligence,EWS PWD,-,B) Outside Delhi Region,Round 2
Computer Science and Biosciences,EWS PWD,-,B) Outside Delhi Region,Round 2
Computer Science and Design,EWS PWD,-,B) Outside Delhi Region,Round 2
Computer Science and Engineering,EWS PWD,-,B) Outside Delhi Region,Round 2
Computer Science and Social Sciences,EWS PWD,-,B) Outside Delhi Region,Round 2
Electronics and Communication Engineering,EWS PWD,-,B) Outside Delhi Region,Round 2
Electronics and VLSI Engineering,EWS PWD,-,B) Outside Delhi Region,Round 2
Computer Science and Applied Mathematics,EWS PWD,-,A) Delhi Region,Round 3
Computer Science and Artificial Intelligence,EWS PWD,-,A) Delhi Region,Round 3
Computer Science and Biosciences,EWS PWD,-,A) Delhi Region,Round 3
Computer Science and Design,EWS PWD,-,A) Delhi Region,Round 3
Computer Science and Engineering,EWS PWD,-,A) Delhi Region,Round 3
Computer Science and Social Sciences,EWS PWD,-,A) Delhi Region,Round 3
Electronics and Communication Engineering,EWS PWD,-,A) Delhi Region,Round 3
Electronics and VLSI Engineering,EWS PWD,-,A) Delhi Region,Round 3
Computer Science and Applied Mathematics,EWS PWD,-,B) Outside Delhi Region,Round 3
Computer Science and Artificial Intelligence,EWS PWD,-,B) Outside Delhi Region,Round 3
Computer Science and Biosciences,EWS PWD,-,B) Outside Delhi Region,Round 3
Computer Science and Design,EWS PWD,-,B) Outside Delhi Region,Round 3
Computer Science and Engineering,EWS PWD,-,B) Outside Delhi Region,Round 3
Computer Science and Social Sciences,EWS PWD,-,B) Outside Delhi Region,Round 3
Electronics and Communication Engineering,EWS PWD,-,B) Outside Delhi Region,Round 3
Electronics and VLSI Engineering,EWS PWD,-,B) Outside Delhi Region,Round 3
Computer Science and Applied Mathematics,EWS PWD,-,A) Delhi Region,Round 4
Computer Science and Artificial Intelligence,EWS PWD,-,A) Delhi Region,Round 4
Computer Science and Biosciences,EWS PWD,-,A) Delhi Region,Round 4
Computer Science and Design,EWS PWD,-,A) Delhi Region,Round 4
Computer Science and Engineering,EWS PWD,-,A) Delhi Region,Round 4
Computer Science and Social Sciences,EWS PWD,-,A) Delhi Region,Round 4
Electronics and Communication Engineering,EWS PWD,-,A) Delhi Region,Round 4
Electronics and VLSI Engineering,EWS PWD,-,A) Delhi Region,Round 4
Computer Science and Applied Mathematics,EWS PWD,-,B) Outside Delhi Region,Round 4
Computer Science and Artificial Intelligence,EWS PWD,-,B) Outside Delhi Region,Round 4
Computer Science and Biosciences,EWS PWD,-,B) Outside Delhi Region,Round 4
Computer Science and Design,EWS PWD,-,B) Outside Delhi Region,Round 4
Computer Science and Engineering,EWS PWD,-,B) Outside Delhi Region,Round 4
Computer Science and Social Sciences,EWS PWD,-,B) Outside Delhi Region,Round 4
Electronics and Communication Engineering,EWS PWD,-,B) Outside Delhi Region,Round 4
Electronics and VLSI Engineering,EWS PWD,-,B) Outside Delhi Region,Round 4
Computer Science and Applied Mathematics,EWS PWD,-,A) Delhi Region,Round 5
Computer Science and Artificial Intelligence,EWS PWD,-,A) Delhi Region,Round 5
Computer Science and Biosciences,EWS PWD,-,A) Delhi Region,Round 5
Computer Science and Design,EWS PWD,-,A) Delhi Region,Round 5
Computer Science and Engineering,EWS PWD,-,A) Delhi Region,Round 5
Computer Science and Social Sciences,EWS PWD,-,A) Delhi Region,Round 5
Electronics and Communication Engineering,EWS PWD,-,A) Delhi Region,Round 5
Electronics and VLSI Engineering,EWS PWD,-,A) Delhi Region,Round 5
Computer Science and Applied Mathematics,EWS PWD,-,B) Outside Delhi Region,Round 5
Computer Science and Artificial Intelligence,EWS PWD,-,B) Outside Delhi Region,Round 5
Computer Science and Biosciences,EWS PWD,-,B) Outside Delhi Region,Round 5
Computer Science and Design,EWS PWD,-,B) Outside Delhi Region,Round 5
Computer Science and Engineering,EWS PWD,-,B) Outside Delhi Region,Round 5
Computer Science and Social Sciences,EWS PWD,-,B) Outside Delhi Region,Round 5
Electronics and Communication Engineering,EWS PWD,-,B) Outside Delhi Region,Round 5
Electronics and VLSI Engineering,EWS PWD,-,B) Outside Delhi Region,Round 5
Computer Science and Applied Mathematics,EWS PWD,-,A) Delhi Region,Upgradation Round
Computer Science and Artificial Intelligence,EWS PWD,-,A) Delhi Region,Upgradation Round
Computer Science and Biosciences,EWS PWD,-,A) Delhi Region,Upgradation Round
Computer Science and Design,EWS PWD,-,A) Delhi Region,Upgradation Round
Computer Science and Engineering,EWS PWD,-,A) Delhi Region,Upgradation Round
Computer Science and Social Sciences,EWS PWD,-,A) Delhi Region,Upgradation Round
Electronics and Communication Engineering,EWS PWD,-,A) Delhi Region,Upgradation Round
Electronics and VLSI Engineering,EWS PWD,-,A) Delhi Region,Upgradation Round
Computer Science and Applied Mathematics,EWS PWD,-,B) Outside Delhi Region,Upgradation Round
Computer Science and Artificial Intelligence,EWS PWD,-,B) Outside Delhi Region,Upgradation Round
Computer Science and Biosciences,EWS PWD,-,B) Outside Delhi Region,Upgradation Round
Computer Science and Design,EWS PWD,-,B) Outside Delhi Region,Upgradation Round
Computer Science and Engineering,EWS PWD,-,B) Outside Delhi Region,Upgradation Round
Computer Science and Social Sciences,EWS PWD,-,B) Outside Delhi Region,Upgradation Round
Electronics and Communication Engineering,EWS PWD,-,B) Outside Delhi Region,Upgradation Round
Electronics and VLSI Engineering,EWS PWD,-,B) Outside Delhi Region,Upgradation Round
Computer Science and Applied Mathematics,EWS PWD,-,A) Delhi Region,Spot Round
Computer Science and Artificial Intelligence,EWS PWD,-,A) Delhi Region,Spot Round
Computer Science and Biosciences,EWS PWD,-,A) Delhi Region,Spot Round
Computer Science and Design,EWS PWD,-,A) Delhi Region,Spot Round
Computer Science and Engineering,EWS PWD,-,A) Delhi Region,Spot Round
Computer Science and Social Sciences,EWS PWD,-,A) Delhi Region,Spot Round
Electronics and Communication Engineering,EWS PWD,-,A) Delhi Region,Spot Round
Electronics and VLSI Engineering,EWS PWD,-,A) Delhi Region,Spot Round
Computer Science and Applied Mathematics,EWS PWD,-,B) Outside Delhi Region,Spot Round
Computer Science and Artificial Intelligence,EWS PWD,-,B) Outside Delhi Region,Spot Round
Computer Science and Biosciences,EWS PWD,-,B) Outside Delhi Region,Spot Round
Computer Science and Design,EWS PWD,-,B) Outside Delhi Region,Spot Round
Computer Science and Engineering,EWS PWD,-,B) Outside Delhi Region,Spot Round
Computer Science and Social Sciences,EWS PWD,-,B) Outside Delhi Region,Spot Round
Electronics and Communication Engineering,EWS PWD,-,B) Outside Delhi Region,Spot Round
Electronics and VLSI Engineering,EWS PWD,-,B) Outside Delhi Region,Spot Round
Computer Science and Applied Mathematics,EWS PWD,-,A) Delhi Region,Round 1
Computer Science and Artificial Intelligence,EWS PWD,-,A) Delhi Region,Round 1
Computer Science and Biosciences,EWS PWD,-,A) Delhi Region,Round 1
Computer Science and Design,EWS PWD,-,A) Delhi Region,Round 1
Computer Science and Engineering,EWS PWD,-,A) Delhi Region,Round 1
Computer Science and Social Sciences,EWS PWD,-,A) Delhi Region,Round 1
Electronics and Communication Engineering,EWS PWD,-,A) Delhi Region,Round 1
Electronics and VLSI Engineering,EWS PWD,-,A) Delhi Region,Round 1
Computer Science and Applied Mathematics,EWS PWD,-,B) Outside Delhi Region,Round 1
Computer Science and Artificial Intelligence,EWS PWD,-,B) Outside Delhi Region,Round 1
Computer Science and Biosciences,EWS PWD,-,B) Outside Delhi Region,Round 1
Computer Science and Design,EWS PWD,-,B) Outside Delhi Region,Round 1
Computer Science and Engineering,EWS PWD,-,B) Outside Delhi Region,Round 1
Computer Science and Social Sciences,EWS PWD,-,B) Outside Delhi Region,Round 1
Electronics and Communication Engineering,EWS PWD,-,B) Outside Delhi Region,Round 1
Electronics and VLSI Engineering,EWS PWD,-,B) Outside Delhi Region,Round 1
Computer Science and Applied Mathematics,EWS PWD,-,A) Delhi Region,Round 2
Computer Science and Artificial Intelligence,EWS PWD,-,A) Delhi Region,Round 2
Computer Science and Biosciences,EWS PWD,-,A) Delhi Region,Round 2
Computer Science and Design,EWS PWD,-,A) Delhi Region,Round 2
Computer Science and Engineering,EWS PWD,-,A) Delhi Region,Round 2
Computer Science and Social Sciences,EWS PWD,-,A) Delhi Region,Round 2
Electronics and Communication Engineering,EWS PWD,-,A) Delhi Region,Round 2
Electronics and VLSI Engineering,EWS PWD,-,A) Delhi Region,Round 2
Computer Science and Applied Mathematics,EWS PWD,-,B) Outside Delhi Region,Round 2
Computer Science and Artificial Intelligence,EWS PWD,-,B) Outside Delhi Region,Round 2
Computer Science and Biosciences,EWS PWD,-,B) Outside Delhi Region,Round 2
Computer Science and Design,EWS PWD,-,B) Outside Delhi Region,Round 2
Computer Science and Engineering,EWS PWD,-,B) Outside Delhi Region,Round 2
Computer Science and Social Sciences,EWS PWD,-,B) Outside Delhi Region,Round 2
Electronics and Communication Engineering,EWS PWD,-,B) Outside Delhi Region,Round 2
Electronics and VLSI Engineering,EWS PWD,-,B) Outside Delhi Region,Round 2
Computer Science and Applied Mathematics,EWS PWD,-,A) Delhi Region,Round 3
Computer Science and Artificial Intelligence,EWS PWD,-,A) Delhi Region,Round 3
Computer Science and Biosciences,EWS PWD,-,A) Delhi Region,Round 3
Computer Science and Design,EWS PWD,-,A) Delhi Region,Round 3
Computer Science and Engineering,EWS PWD,-,A) Delhi Region,Round 3
Computer Science and Social Sciences,EWS PWD,-,A) Delhi Region,Round 3
Electronics and Communication Engineering,EWS PWD,-,A) Delhi Region,Round 3
Electronics and VLSI Engineering,EWS PWD,-,A) Delhi Region,Round 3
Computer Science and Applied Mathematics,EWS PWD,-,B) Outside Delhi Region,Round 3
Computer Science and Artificial Intelligence,EWS PWD,-,B) Outside Delhi Region,Round 3
Computer Science and Biosciences,EWS PWD,-,B) Outside Delhi Region,Round 3
Computer Science and Design,EWS PWD,-,B) Outside Delhi Region,Round 3
Computer Science and Engineering,EWS PWD,-,B) Outside Delhi Region,Round 3
Computer Science and Social Sciences,EWS PWD,-,B) Outside Delhi Region,Round 3
Electronics and Communication Engineering,EWS PWD,-,B) Outside Delhi Region,Round 3
Electronics and VLSI Engineering,EWS PWD,-,B) Outside Delhi Region,Round 3
Computer Science and Applied Mathematics,EWS PWD,-,A) Delhi Region,Round 4
Computer Science and Artificial Intelligence,EWS PWD,-,A) Delhi Region,Round 4
Computer Science and Biosciences,EWS PWD,-,A) Delhi Region,Round 4
Computer Science and Design,EWS PWD,-,A) Delhi Region,Round 4
Computer Science and Engineering,EWS PWD,-,A) Delhi Region,Round 4
Computer Science and Social Sciences,EWS PWD,-,A) Delhi Region,Round 4
Electronics and Communication Engineering,EWS PWD,-,A) Delhi Region,Round 4
Electronics and VLSI Engineering,EWS PWD,-,A) Delhi Region,Round 4
Computer Science and Applied Mathematics,EWS PWD,-,B) Outside Delhi Region,Round 4
Computer Science and Artificial Intelligence,EWS PWD,-,B) Outside Delhi Region,Round 4
Computer Science and Biosciences,EWS PWD,-,B) Outside Delhi Region,Round 4
Computer Science and Design,EWS PWD,-,B) Outside Delhi Region,Round 4
Computer Science and Engineering,EWS PWD,-,B) Outside Delhi Region,Round 4
Computer Science and Social Sciences,EWS PWD,-,B) Outside Delhi Region,Round 4
Electronics and Communication Engineering,EWS PWD,-,B) Outside Delhi Region,Round 4
Electronics and VLSI Engineering,EWS PWD,-,B) Outside Delhi Region,Round 4
Computer Science and Applied Mathematics,EWS PWD,-,A) Delhi Region,Round 5
Computer Science and Artificial Intelligence,EWS PWD,-,A) Delhi Region,Round 5
Computer Science and Biosciences,EWS PWD,-,A) Delhi Region,Round 5
Computer Science and Design,EWS PWD,-,A) Delhi Region,Round 5
Computer Science and Engineering,EWS PWD,-,A) Delhi Region,Round 5
Computer Science and Social Sciences,EWS PWD,-,A) Delhi Region,Round 5
Electronics and Communication Engineering,EWS PWD,-,A) Delhi Region,Round 5
Electronics and VLSI Engineering,EWS PWD,-,A) Delhi Region,Round 5
Computer Science and Applied Mathematics,EWS PWD,-,B) Outside Delhi Region,Round 5
Computer Science and Artificial Intelligence,EWS PWD,-,B) Outside Delhi Region,Round 5
Computer Science and Biosciences,EWS PWD,-,B) Outside Delhi Region,Round 5
Computer Science and Design,EWS PWD,-,B) Outside Delhi Region,Round 5
Computer Science and Engineering,EWS PWD,-,B) Outside Delhi Region,Round 5
Computer Science and Social Sciences,EWS PWD,-,B) Outside Delhi Region,Round 5
Electronics and Communication Engineering,EWS PWD,-,B) Outside Delhi Region,Round 5
Electronics and VLSI Engineering,EWS PWD,-,B) Outside Delhi Region,Round 5
Computer Science and Applied Mathematics,OBC,8945 (65002),A) Delhi Region,Round 1
Computer Science and Artificial Intelligence,OBC,5184 (35736),A) Delhi Region,Round 1
Computer Science and Biosciences,OBC,10829 (82835),A) Delhi Region,Round 1
Computer Science and Design,OBC,9343 (68735),A) Delhi Region,Round 1
Computer Science and Engineering,OBC,8168 (58436),A) Delhi Region,Round 1
Computer Science and Social Sciences,OBC,9760 (72616),A) Delhi Region,Round 1
Electronics and Communication Engineering,OBC,11763 (92996),A) Delhi Region,Round 1
Electronics and VLSI Engineering,OBC,12951 (107566),A) Delhi Region,Round 1
Computer Science and Applied Mathematics,OBC,1108 (9472),B) Outside Delhi Region,Round 1
Computer Science and Artificial Intelligence,OBC,888 (7972),B) Outside Delhi Region,Round 1
Computer Science and Biosciences,OBC,1557 (12359),B) Outside Delhi Region,Round 1
Computer Science and Design,OBC,1291 (10592),B) Outside Delhi Region,Round 1
Computer Science and Engineering,OBC,887 (7971),B) Outside Delhi Region,Round 1
Computer Science and Social Sciences,OBC,1311 (10721),B) Outside Delhi Region,Round 1
Electronics and Communication Engineering,OBC,1699 (13293),B) Outside Delhi Region,Round 1
Electronics and VLSI Engineering,OBC,1755 (13581),B) Outside Delhi Region,Round 1
Computer Science and Applied Mathematics,OBC,10315 (77839),A) Delhi Region,Round 2
Computer Science and Artificial Intelligence,OBC,7599 (53868),A) Delhi Region,Round 2
Computer Science and Biosciences,OBC,11877 (94405),A) Delhi Region,Round 2
Computer Science and Design,OBC,10109 (75848),A) Delhi Region,Round 2
Computer Science and Engineering,OBC,8757 (63390),A) Delhi Region,Round 2
Computer Science and Social Sciences,OBC,10881 (83450),A) Delhi Region,Round 2
Electronics and Communication Engineering,OBC,12901 (106797),A) Delhi Region,Round 2
Electronics and VLSI Engineering,OBC,13790 (119092),A) Delhi Region,Round 2
Computer Science and Applied Mathematics,OBC,1948 (14749),B) Outside Delhi Region,Round 2
Computer Science and Artificial Intelligence,OBC,1108 (9472),B) Outside Delhi Region,Round 2
Computer Science and Biosciences,OBC,2230 (16515),B) Outside Delhi Region,Round 2
Computer Science and Design,OBC,2007 (15107),B) Outside Delhi Region,Round 2
Computer Science and Engineering,OBC,1632 (12838),B) Outside Delhi Region,Round 2
Computer Science and Social Sciences,OBC,2003 (15079),B) Outside Delhi Region,Round 2
Electronics and Communication Engineering,OBC,2158 (16022),B) Outside Delhi Region,Round 2
Electronics and VLSI Engineering,OBC,2289 (16872),B) Outside Delhi Region,Round 2
Computer Science and Applied Mathematics,OBC,11211 (82835),A) Delhi Region,Round 3
Computer Science and Artificial Intelligence,OBC,8432 (58436),A) Delhi Region,Round 3
Computer Science and Biosciences,OBC,12959 (101571),A) Delhi Region,Round 3
Computer Science and Design,OBC,10921 (80019),A) Delhi Region,Round 3
Computer Science and Engineering,OBC,9460 (66956),A) Delhi Region,Round 3
Computer Science and Social Sciences,OBC,12308 (94405),A) Delhi Region,Round 3
Electronics and Communication Engineering,OBC,13550 (109315),A) Delhi Region,Round 3
Electronics and VLSI Engineering,OBC,14706 (124812),A) Delhi Region,Round 3
Computer Science and Applied Mathematics,OBC,1975 (14749),B) Outside Delhi Region,Round 3
Computer Science and Artificial Intelligence,OBC,1763 (13476),B) Outside Delhi Region,Round 3
Computer Science and Biosciences,OBC,2456 (17651),B) Outside Delhi Region,Round 3
Computer Science and Design,OBC,2116 (15580),B) Outside Delhi Region,Round 3
Computer Science and Engineering,OBC,1931 (14492),B) Outside Delhi Region,Round 3
Computer Science and Social Sciences,OBC,2407 (17337),B) Outside Delhi Region,Round 3
Electronics and Communication Engineering,OBC,2250 (16386),B) Outside Delhi Region,Round 3
Electronics and VLSI Engineering,OBC,2542 (18181),B) Outside Delhi Region,Round 3
Computer Science and Applied Mathematics,OBC,11210 (82835),A) Delhi Region,Round 4
Computer Science and Artificial Intelligence,OBC,8432 (58436),A) Delhi Region,Round 4
Computer Science and Biosciences,OBC,12958 (101571),A) Delhi Region,Round 4
Computer Science and Design,OBC,10920 (80019),A) Delhi Region,Round 4
Computer Science and Engineering,OBC,9460 (66956),A) Delhi Region,Round 4
Computer Science and Social Sciences,OBC,12307 (94405),A) Delhi Region,Round 4
Electronics and Communication Engineering,OBC,13582 (109732),A) Delhi Region,Round 4
Electronics and VLSI Engineering,OBC,14717 (125023),A) Delhi Region,Round 4
Computer Science and Applied Mathematics,OBC,2116 (15580),B) Outside Delhi Region,Round 4
Computer Science and Artificial Intelligence,OBC,1763 (13476),B) Outside Delhi Region,Round 4
Computer Science and Biosciences,OBC,2462 (17680),B) Outside Delhi Region,Round 4
Computer Science and Design,OBC,2419 (17388),B) Outside Delhi Region,Round 4
Computer Science and Engineering,OBC,1975 (14749),B) Outside Delhi Region,Round 4
Computer Science and Social Sciences,OBC,2456 (17651),B) Outside Delhi Region,Round 4
Electronics and Communication Engineering,OBC,2728 (19329),B) Outside Delhi Region,Round 4
Electronics and VLSI Engineering,OBC,2781 (19681),B) Outside Delhi Region,Round 4
Computer Science and Applied Mathematics,OBC,11496 (85806),A) Delhi Region,Round 5
Computer Science and Artificial Intelligence,OBC,8431 (58436),A) Delhi Region,Round 5
Computer Science and Biosciences,OBC,13075 (103198),A) Delhi Region,Round 5
Computer Science and Design,OBC,10919 (80019),A) Delhi Region,Round 5
Computer Science and Engineering,OBC,9459 (66956),A) Delhi Region,Round 5
Computer Science and Social Sciences,OBC,12756 (99372),A) Delhi Region,Round 5
Electronics and Communication Engineering,OBC,13960 (114748),A) Delhi Region,Round 5
Electronics and VLSI Engineering,OBC,15557 (138024),A) Delhi Region,Round 5
Computer Science and Applied Mathematics,OBC,2456 (17651),B) Outside Delhi Region,Round 5
Computer Science and Artificial Intelligence,OBC,1763 (13476),B) Outside Delhi Region,Round 5
Computer Science and Biosciences,OBC,3034 (21244),B) Outside Delhi Region,Round 5
Computer Science and Design,OBC,2470 (17754),B) Outside Delhi Region,Round 5
Computer Science and Engineering,OBC,2158 (15815),B) Outside Delhi Region,Round 5
Computer Science and Social Sciences,OBC,2534 (18124),B) Outside Delhi Region,Round 5
Electronics and Communication Engineering,OBC,2929 (20535),B) Outside Delhi Region,Round 5
Electronics and VLSI Engineering,OBC,3114 (21706),B) Outside Delhi Region,Round 5
Computer Science and Applied Mathematics,OBC,85806,A) Delhi Region,Upgradation Round
Computer Science and Artificial Intelligence,OBC,58436,A) Delhi Region,Upgradation Round
Computer Science and Biosciences,OBC,104962,A) Delhi Region,Upgradation Round
Computer Science and Design,OBC,80019,A) Delhi Region,Upgradation Round
Computer Science and Engineering,OBC,66956,A) Delhi Region,Upgradation Round
Computer Science and Social Sciences,OBC,102315,A) Delhi Region,Upgradation Round
Electronics and Communication Engineering,OBC,114748,A) Delhi Region,Upgradation Round
Electronics and VLSI Engineering,OBC,138050,A) Delhi Region,Upgradation Round
Computer Science and Applied Mathematics,OBC,22231,B) Outside Delhi Region,Upgradation Round
Computer Science and Artificial Intelligence,OBC,13476,B) Outside Delhi Region,Upgradation Round
Computer Science and Biosciences,OBC,24641,B) Outside Delhi Region,Upgradation Round
Computer Science and Design,OBC,22344,B) Outside Delhi Region,Upgradation Round
Computer Science and Engineering,OBC,15815,B) Outside Delhi Region,Upgradation Round
Computer Science and Social Sciences,OBC,-,B) Outside Delhi Region,Upgradation Round
Electronics and Communication Engineering,OBC,25708,B) Outside Delhi Region,Upgradation Round
Electronics and VLSI Engineering,OBC,36235,B) Outside Delhi Region,Upgradation Round
Computer Science and Applied Mathematics,OBC,8758 (74500),A) Delhi Region,Spot Round
Computer Science and Artificial Intelligence,OBC,-,A) Delhi Region,Spot Round
Computer Science and Biosciences,OBC,-,A) Delhi Region,Spot Round
Computer Science and Design,OBC,-,A) Delhi Region,Spot Round
Computer Science and Engineering,OBC,7066 (60626),A) Delhi Region,Spot Round
Computer Science and Social Sciences,OBC,-,A) Delhi Region,Spot Round
Electronics and Communication Engineering,OBC,11178 (97743),A) Delhi Region,Spot Round
Electronics and VLSI Engineering,OBC,12954 (118674),A) Delhi Region,Spot Round
Computer Science and Applied Mathematics,OBC,-,B) Outside Delhi Region,Spot Round
Computer Science and Artificial Intelligence,OBC,-,B) Outside Delhi Region,Spot Round
Computer Science and Biosciences,OBC,-,B) Outside Delhi Region,Spot Round
Computer Science and Design,OBC,-,B) Outside Delhi Region,Spot Round
Computer Science and Engineering,OBC,-,B) Outside Delhi Region,Spot Round
Computer Science and Social Sciences,OBC,-,B) Outside Delhi Region,Spot Round
Electronics and Communication Engineering,OBC,-,B) Outside Delhi Region,Spot Round
Electronics and VLSI Engineering,OBC,-,B) Outside Delhi Region,Spot Round
Computer Science and Applied Mathematics,OBC,6617 (57291),A) Delhi Region,Round 1
Computer Science and Artificial Intelligence,OBC,-,A) Delhi Region,Round 1
Computer Science and Biosciences,OBC,11178 (97743),A) Delhi Region,Round 1
Computer Science and Design,OBC,-,A) Delhi Region,Round 1
Computer Science and Engineering,OBC,8758 (74500),A) Delhi Region,Round 1
Computer Science and Social Sciences,OBC,-,A) Delhi Region,Round 1
Electronics and Communication Engineering,OBC,12954 (118674),A) Delhi Region,Round 1
Electronics and VLSI Engineering,OBC,-,A) Delhi Region,Round 1
Computer Science and Applied Mathematics,OBC,-,B) Outside Delhi Region,Round 1
Computer Science and Artificial Intelligence,OBC,-,B) Outside Delhi Region,Round 1
Computer Science and Biosciences,OBC,-,B) Outside Delhi Region,Round 1
Computer Science and Design,OBC,-,B) Outside Delhi Region,Round 1
Computer Science and Engineering,OBC,-,B) Outside Delhi Region,Round 1
Computer Science and Social Sciences,OBC,-,B) Outside Delhi Region,Round 1
Electronics and Communication Engineering,OBC,2128 (27115),B) Outside Delhi Region,Round 1
Electronics and VLSI Engineering,OBC,-,B) Outside Delhi Region,Round 1
Computer Science and Applied Mathematics,OBC,-,A) Delhi Region,Round 2
Computer Science and Artificial Intelligence,OBC,-,A) Delhi Region,Round 2
Computer Science and Biosciences,OBC,-,A) Delhi Region,Round 2
Computer Science and Design,OBC,-,A) Delhi Region,Round 2
Computer Science and Engineering,OBC,9047 (74500),A) Delhi Region,Round 2
Computer Science and Social Sciences,OBC,-,A) Delhi Region,Round 2
Electronics and Communication Engineering,OBC,13423 (118674),A) Delhi Region,Round 2
Electronics and VLSI Engineering,OBC,-,A) Delhi Region,Round 2
Computer Science and Applied Mathematics,OBC,-,B) Outside Delhi Region,Round 2
Computer Science and Artificial Intelligence,OBC,-,B) Outside Delhi Region,Round 2
Computer Science and Biosciences,OBC,-,B) Outside Delhi Region,Round 2
Computer Science and Design,OBC,-,B) Outside Delhi Region,Round 2
Computer Science and Engineering,OBC,-,B) Outside Delhi Region,Round 2
Computer Science and Social Sciences,OBC,-,B) Outside Delhi Region,Round 2
Electronics and Communication Engineering,OBC,2164 (27115),B) Outside Delhi Region,Round 2
Electronics and VLSI Engineering,OBC,-,B) Outside Delhi Region,Round 2
Computer Science and Applied Mathematics,OBC,-,A) Delhi Region,Round 3
Computer Science and Artificial Intelligence,OBC,-,A) Delhi Region,Round 3
Computer Science and Biosciences,OBC,-,A) Delhi Region,Round 3
Computer Science and Design,OBC,-,A) Delhi Region,Round 3
Computer Science and Engineering,OBC,9047 (74500),A) Delhi Region,Round 3
Computer Science and Social Sciences,OBC,-,A) Delhi Region,Round 3
Electronics and Communication Engineering,OBC,13422 (118674),A) Delhi Region,Round 3
Electronics and VLSI Engineering,OBC,-,A) Delhi Region,Round 3
Computer Science and Applied Mathematics,OBC,2164 (27115),B) Outside Delhi Region,Round 3
Computer Science and Artificial Intelligence,OBC,-,B) Outside Delhi Region,Round 3
Computer Science and Biosciences,OBC,-,B) Outside Delhi Region,Round 3
Computer Science and Design,OBC,-,B) Outside Delhi Region,Round 3
Computer Science and Engineering,OBC,-,B) Outside Delhi Region,Round 3
Computer Science and Social Sciences,OBC,-,B) Outside Delhi Region,Round 3
Electronics and Communication Engineering,OBC,-,B) Outside Delhi Region,Round 3
Electronics and VLSI Engineering,OBC,-,B) Outside Delhi Region,Round 3
Computer Science and Applied Mathematics,OBC,-,A) Delhi Region,Round 4
Computer Science and Artificial Intelligence,OBC,-,A) Delhi Region,Round 4
Computer Science and Biosciences,OBC,-,A) Delhi Region,Round 4
Computer Science and Design,OBC,-,A) Delhi Region,Round 4
Computer Science and Engineering,OBC,9046 (74500),A) Delhi Region,Round 4
Computer Science and Social Sciences,OBC,-,A) Delhi Region,Round 4
Electronics and Communication Engineering,OBC,13421 (118674),A) Delhi Region,Round 4
Electronics and VLSI Engineering,OBC,-,A) Delhi Region,Round 4
Computer Science and Applied Mathematics,OBC,2164 (27115),B) Outside Delhi Region,Round 4
Computer Science and Artificial Intelligence,OBC,-,B) Outside Delhi Region,Round 4
Computer Science and Biosciences,OBC,-,B) Outside Delhi Region,Round 4
Computer Science and Design,OBC,-,B) Outside Delhi Region,Round 4
Computer Science and Engineering,OBC,-,B) Outside Delhi Region,Round 4
Computer Science and Social Sciences,OBC,-,B) Outside Delhi Region,Round 4
Electronics and Communication Engineering,OBC,-,B) Outside Delhi Region,Round 4
Electronics and VLSI Engineering,OBC,-,B) Outside Delhi Region,Round 4
Computer Science and Applied Mathematics,OBC,-,A) Delhi Region,Round 5
Computer Science and Artificial Intelligence,OBC,-,A) Delhi Region,Round 5
Computer Science and Biosciences,OBC,-,A) Delhi Region,Round 5
Computer Science and Design,OBC,-,A) Delhi Region,Round 5
Computer Science and Engineering,OBC,74500,A) Delhi Region,Round 5
Computer Science and Social Sciences,OBC,-,A) Delhi Region,Round 5
Electronics and Communication Engineering,OBC,118674,A) Delhi Region,Round 5
Electronics and VLSI Engineering,OBC,-,A) Delhi Region,Round 5
Computer Science and Applied Mathematics,OBC,-,B) Outside Delhi Region,Round 5
Computer Science and Artificial Intelligence,OBC,-,B) Outside Delhi Region,Round 5
Computer Science and Biosciences,OBC,-,B) Outside Delhi Region,Round 5
Computer Science and Design,OBC,-,B) Outside Delhi Region,Round 5
Computer Science and Engineering,OBC,-,B) Outside Delhi Region,Round 5
Computer Science and Social Sciences,OBC,34055,B) Outside Delhi Region,Round 5
Electronics and Communication Engineering,OBC,-,B) Outside Delhi Region,Round 5
Electronics and VLSI Engineering,OBC,-,B) Outside Delhi Region,Round 5
Computer Science and Applied Mathematics,OBC Defence,12363 (99948 (Priority VI)),A) Delhi Region,Round 1
Computer Science and Artificial Intelligence,OBC Defence,12266 (98809 (Priority VI)),A) Delhi Region,Round 1
Computer Science and Biosciences,OBC Defence,19963 (275181 (Priority VI)),A) Delhi Region,Round 1
Computer Science and Design,OBC Defence,13310 (112500 (Priority VI)),A) Delhi Region,Round 1
Computer Science and Engineering,OBC Defence,11704 (92405 (Priority VI)),A) Delhi Region,Round 1
Computer Science and Social Sciences,OBC Defence,17846 (200299 (Priority VI)),A) Delhi Region,Round 1
Electronics and Communication Engineering,OBC Defence,18358 (214703 (Priority VI)),A) Delhi Region,Round 1
Electronics and VLSI Engineering,OBC Defence,20832 (318650 (Priority VI)),A) Delhi Region,Round 1
Computer Science and Applied Mathematics,OBC Defence,-,B) Outside Delhi Region,Round 1
Computer Science and Artificial Intelligence,OBC Defence,-,B) Outside Delhi Region,Round 1
Computer Science and Biosciences,OBC Defence,-,B) Outside Delhi Region,Round 1
Computer Science and Design,OBC Defence,-,B) Outside Delhi Region,Round 1
Computer Science and Engineering,OBC Defence,-,B) Outside Delhi Region,Round 1
Computer Science and Social Sciences,OBC Defence,-,B) Outside Delhi Region,Round 1
Electronics and Communication Engineering,OBC Defence,-,B) Outside Delhi Region,Round 1
Electronics and VLSI Engineering,OBC Defence,-,B) Outside Delhi Region,Round 1
Computer Science and Applied Mathematics,OBC Defence,12363 (99948 (Priority VI)),A) Delhi Region,Round 2
Computer Science and Artificial Intelligence,OBC Defence,13310 (112500 (Priority VI)),A) Delhi Region,Round 2
Computer Science and Biosciences,OBC Defence,19963 (275181 (Priority VI)),A) Delhi Region,Round 2
Computer Science and Design,OBC Defence,15196 (141340 (Priority VI)),A) Delhi Region,Round 2
Computer Science and Engineering,OBC Defence,14604 (131431 (Priority VI)),A) Delhi Region,Round 2
Computer Science and Social Sciences,OBC Defence,17846 (200299 (Priority VI)),A) Delhi Region,Round 2
Electronics and Communication Engineering,OBC Defence,20832 (318650 (Priority VI)),A) Delhi Region,Round 2
Electronics and VLSI Engineering,OBC Defence,21538 (371282 (Priority VI)),A) Delhi Region,Round 2
Computer Science and Applied Mathematics,OBC Defence,-,B) Outside Delhi Region,Round 2
Computer Science and Artificial Intelligence,OBC Defence,-,B) Outside Delhi Region,Round 2
Computer Science and Biosciences,OBC Defence,-,B) Outside Delhi Region,Round 2
Computer Science and Design,OBC Defence,-,B) Outside Delhi Region,Round 2
Computer Science and Engineering,OBC Defence,-,B) Outside Delhi Region,Round 2
Computer Science and Social Sciences,OBC Defence,-,B) Outside Delhi Region,Round 2
Electronics and Communication Engineering,OBC Defence,-,B) Outside Delhi Region,Round 2
Electronics and VLSI Engineering,OBC Defence,-,B) Outside Delhi Region,Round 2
Computer Science and Applied Mathematics,OBC Defence,12809 (99948 (Priority VI)),A) Delhi Region,Round 3
Computer Science and Artificial Intelligence,OBC Defence,13799 (112500 (Priority VI)),A) Delhi Region,Round 3
Computer Science and Biosciences,OBC Defence,20710 (275181 (Priority VI)),A) Delhi Region,Round 3
Computer Science and Design,OBC Defence,15751 (141340 (Priority VI)),A) Delhi Region,Round 3
Computer Science and Engineering,OBC Defence,15134 (131431 (Priority VI)),A) Delhi Region,Round 3
Computer Science and Social Sciences,OBC Defence,18496 (200299 (Priority VI)),A) Delhi Region,Round 3
Electronics and Communication Engineering,OBC Defence,21622 (318650 (Priority VI)),A) Delhi Region,Round 3
Electronics and VLSI Engineering,OBC Defence,22367 (371282 (Priority VI)),A) Delhi Region,Round 3
Computer Science and Applied Mathematics,OBC Defence,-,B) Outside Delhi Region,Round 3
Computer Science and Artificial Intelligence,OBC Defence,-,B) Outside Delhi Region,Round 3
Computer Science and Biosciences,OBC Defence,-,B) Outside Delhi Region,Round 3
Computer Science and Design,OBC Defence,-,B) Outside Delhi Region,Round 3
Computer Science and Engineering,OBC Defence,-,B) Outside Delhi Region,Round 3
Computer Science and Social Sciences,OBC Defence,-,B) Outside Delhi Region,Round 3
Electronics and Communication Engineering,OBC Defence,-,B) Outside Delhi Region,Round 3
Electronics and VLSI Engineering,OBC Defence,-,B) Outside Delhi Region,Round 3
Computer Science and Applied Mathematics,OBC Defence,12808 (99948 (Priority VI)),A) Delhi Region,Round 4
Computer Science and Artificial Intelligence,OBC Defence,13798 (112500 (Priority VI)),A) Delhi Region,Round 4
Computer Science and Biosciences,OBC Defence,20709 (275181 (Priority VI)),A) Delhi Region,Round 4
Computer Science and Design,OBC Defence,15750 (141340 (Priority VI)),A) Delhi Region,Round 4
Computer Science and Engineering,OBC Defence,15133 (131431 (Priority VI)),A) Delhi Region,Round 4
Computer Science and Social Sciences,OBC Defence,18495 (200299 (Priority VI)),A) Delhi Region,Round 4
Electronics and Communication Engineering,OBC Defence,21621 (318650 (Priority VI)),A) Delhi Region,Round 4
Electronics and VLSI Engineering,OBC Defence,22366 (371282 (Priority VI)),A) Delhi Region,Round 4
Computer Science and Applied Mathematics,OBC Defence,-,B) Outside Delhi Region,Round 4
Computer Science and Artificial Intelligence,OBC Defence,-,B) Outside Delhi Region,Round 4
Computer Science and Biosciences,OBC Defence,-,B) Outside Delhi Region,Round 4
Computer Science and Design,OBC Defence,-,B) Outside Delhi Region,Round 4
Computer Science and Engineering,OBC Defence,-,B) Outside Delhi Region,Round 4
Computer Science and Social Sciences,OBC Defence,-,B) Outside Delhi Region,Round 4
Electronics and Communication Engineering,OBC Defence,-,B) Outside Delhi Region,Round 4
Electronics and VLSI Engineering,OBC Defence,-,B) Outside Delhi Region,Round 4
Computer Science and Applied Mathematics,OBC Defence,12807 (99948 (Priority VI)),A) Delhi Region,Round 5
Computer Science and Artificial Intelligence,OBC Defence,13797 (112500 (Priority VI)),A) Delhi Region,Round 5
Computer Science and Biosciences,OBC Defence,18562 (202063 (Priority VI)),A) Delhi Region,Round 5
Computer Science and Design,OBC Defence,15750 (141340 (Priority VI)),A) Delhi Region,Round 5
Computer Science and Engineering,OBC Defence,15133 (131431 (Priority VI)),A) Delhi Region,Round 5
Computer Science and Social Sciences,OBC Defence,18496 (200299 (Priority VI)),A) Delhi Region,Round 5
Electronics and Communication Engineering,OBC Defence,21622 (318650 (Priority VI)),A) Delhi Region,Round 5
Electronics and VLSI Engineering,OBC Defence,22367 (371282 (Priority VI)),A) Delhi Region,Round 5
Computer Science and Applied Mathematics,OBC Defence,-,B) Outside Delhi Region,Round 5
Computer Science and Artificial Intelligence,OBC Defence,-,B) Outside Delhi Region,Round 5
Computer Science and Biosciences,OBC Defence,-,B) Outside Delhi Region,Round 5
Computer Science and Design,OBC Defence,-,B) Outside Delhi Region,Round 5
Computer Science and Engineering,OBC Defence,-,B) Outside Delhi Region,Round 5
Computer Science and Social Sciences,OBC Defence,-,B) Outside Delhi Region,Round 5
Electronics and Communication Engineering,OBC Defence,-,B) Outside Delhi Region,Round 5
Electronics and VLSI Engineering,OBC Defence,-,B) Outside Delhi Region,Round 5
Computer Science and Applied Mathematics,OBC Defence,99948 (Priority VI),A) Delhi Region,Upgradation Round
Computer Science and Artificial Intelligence,OBC Defence,112500 (Priority VI),A) Delhi Region,Upgradation Round
Computer Science and Biosciences,OBC Defence,202063 (Priority VI),A) Delhi Region,Upgradation Round
Computer Science and Design,OBC Defence,141340 (Priority VI),A) Delhi Region,Upgradation Round
Computer Science and Engineering,OBC Defence,131431 (Priority VI),A) Delhi Region,Upgradation Round
Computer Science and Social Sciences,OBC Defence,200299 (Priority VI),A) Delhi Region,Upgradation Round
Electronics and Communication Engineering,OBC Defence,318650 (Priority VI),A) Delhi Region,Upgradation Round
Electronics and VLSI Engineering,OBC Defence,371282 (Priority VI),A) Delhi Region,Upgradation Round
Computer Science and Applied Mathematics,OBC Defence,-,B) Outside Delhi Region,Upgradation Round
Computer Science and Artificial Intelligence,OBC Defence,-,B) Outside Delhi Region,Upgradation Round
Computer Science and Biosciences,OBC Defence,-,B) Outside Delhi Region,Upgradation Round
Computer Science and Design,OBC Defence,-,B) Outside Delhi Region,Upgradation Round
Computer Science and Engineering,OBC Defence,-,B) Outside Delhi Region,Upgradation Round
Computer Science and Social Sciences,OBC Defence,-,B) Outside Delhi Region,Upgradation Round
Electronics and Communication Engineering,OBC Defence,-,B) Outside Delhi Region,Upgradation Round
Electronics and VLSI Engineering,OBC Defence,-,B) Outside Delhi Region,Upgradation Round
Computer Science and Applied Mathematics,OBC Defence,-,A) Delhi Region,Spot Round
Computer Science and Artificial Intelligence,OBC Defence,-,A) Delhi Region,Spot Round
Computer Science and Biosciences,OBC Defence,-,A) Delhi Region,Spot Round
Computer Science and Design,OBC Defence,-,A) Delhi Region,Spot Round
Computer Science and Engineering,OBC Defence,-,A) Delhi Region,Spot Round
Computer Science and Social Sciences,OBC Defence,-,A) Delhi Region,Spot Round
Electronics and Communication Engineering,OBC Defence,-,A) Delhi Region,Spot Round
Electronics and VLSI Engineering,OBC Defence,-,A) Delhi Region,Spot Round
Computer Science and Applied Mathematics,OBC Defence,-,B) Outside Delhi Region,Spot Round
Computer Science and Artificial Intelligence,OBC Defence,-,B) Outside Delhi Region,Spot Round
Computer Science and Biosciences,OBC Defence,-,B) Outside Delhi Region,Spot Round
Computer Science and Design,OBC Defence,-,B) Outside Delhi Region,Spot Round
Computer Science and Engineering,OBC Defence,-,B) Outside Delhi Region,Spot Round
Computer Science and Social Sciences,OBC Defence,-,B) Outside Delhi Region,Spot Round
Electronics and Communication Engineering,OBC Defence,-,B) Outside Delhi Region,Spot Round
Electronics and VLSI Engineering,OBC Defence,-,B) Outside Delhi Region,Spot Round
Computer Science and Applied Mathematics,OBC Defence,-,A) Delhi Region,Round 1
Computer Science and Artificial Intelligence,OBC Defence,-,A) Delhi Region,Round 1
Computer Science and Biosciences,OBC Defence,-,A) Delhi Region,Round 1
Computer Science and Design,OBC Defence,-,A) Delhi Region,Round 1
Computer Science and Engineering,OBC Defence,-,A) Delhi Region,Round 1
Computer Science and Social Sciences,OBC Defence,-,A) Delhi Region,Round 1
Electronics and Communication Engineering,OBC Defence,-,A) Delhi Region,Round 1
Electronics and VLSI Engineering,OBC Defence,-,A) Delhi Region,Round 1
Computer Science and Applied Mathematics,OBC Defence,-,B) Outside Delhi Region,Round 1
Computer Science and Artificial Intelligence,OBC Defence,-,B) Outside Delhi Region,Round 1
Computer Science and Biosciences,OBC Defence,-,B) Outside Delhi Region,Round 1
Computer Science and Design,OBC Defence,-,B) Outside Delhi Region,Round 1
Computer Science and Engineering,OBC Defence,-,B) Outside Delhi Region,Round 1
Computer Science and Social Sciences,OBC Defence,-,B) Outside Delhi Region,Round 1
Electronics and Communication Engineering,OBC Defence,-,B) Outside Delhi Region,Round 1
Electronics and VLSI Engineering,OBC Defence,-,B) Outside Delhi Region,Round 1
Computer Science and Applied Mathematics,OBC Defence,-,A) Delhi Region,Round 2
Computer Science and Artificial Intelligence,OBC Defence,-,A) Delhi Region,Round 2
Computer Science and Biosciences,OBC Defence,-,A) Delhi Region,Round 2
Computer Science and Design,OBC Defence,-,A) Delhi Region,Round 2
Computer Science and Engineering,OBC Defence,-,A) Delhi Region,Round 2
Computer Science and Social Sciences,OBC Defence,-,A) Delhi Region,Round 2
Electronics and Communication Engineering,OBC Defence,-,A) Delhi Region,Round 2
Electronics and VLSI Engineering,OBC Defence,-,A) Delhi Region,Round 2
Computer Science and Applied Mathematics,OBC Defence,-,B) Outside Delhi Region,Round 2
Computer Science and Artificial Intelligence,OBC Defence,-,B) Outside Delhi Region,Round 2
Computer Science and Biosciences,OBC Defence,-,B) Outside Delhi Region,Round 2
Computer Science and Design,OBC Defence,-,B) Outside Delhi Region,Round 2
Computer Science and Engineering,OBC Defence,-,B) Outside Delhi Region,Round 2
Computer Science and Social Sciences,OBC Defence,-,B) Outside Delhi Region,Round 2
Electronics and Communication Engineering,OBC Defence,-,B) Outside Delhi Region,Round 2
Electronics and VLSI Engineering,OBC Defence,-,B) Outside Delhi Region,Round 2
Computer Science and Applied Mathematics,OBC Defence,-,A) Delhi Region,Round 3
Computer Science and Artificial Intelligence,OBC Defence,-,A) Delhi Region,Round 3
Computer Science and Biosciences,OBC Defence,-,A) Delhi Region,Round 3
Computer Science and Design,OBC Defence,-,A) Delhi Region,Round 3
Computer Science and Engineering,OBC Defence,-,A) Delhi Region,Round 3
Computer Science and Social Sciences,OBC Defence,-,A) Delhi Region,Round 3
Electronics and Communication Engineering,OBC Defence,-,A) Delhi Region,Round 3
Electronics and VLSI Engineering,OBC Defence,-,A) Delhi Region,Round 3
Computer Science and Applied Mathematics,OBC Defence,-,B) Outside Delhi Region,Round 3
Computer Science and Artificial Intelligence,OBC Defence,-,B) Outside Delhi Region,Round 3
Computer Science and Biosciences,OBC Defence,-,B) Outside Delhi Region,Round 3
Computer Science and Design,OBC Defence,-,B) Outside Delhi Region,Round 3
Computer Science and Engineering,OBC Defence,-,B) Outside Delhi Region,Round 3
Computer Science and Social Sciences,OBC Defence,-,B) Outside Delhi Region,Round 3
Electronics and Communication Engineering,OBC Defence,-,B) Outside Delhi Region,Round 3
Electronics and VLSI Engineering,OBC Defence,-,B) Outside Delhi Region,Round 3
Computer Science and Applied Mathematics,OBC Defence,-,A) Delhi Region,Round 4
Computer Science and Artificial Intelligence,OBC Defence,-,A) Delhi Region,Round 4
Computer Science and Biosciences,OBC Defence,-,A) Delhi Region,Round 4
Computer Science and Design,OBC Defence,-,A) Delhi Region,Round 4
Computer Science and Engineering,OBC Defence,-,A) Delhi Region,Round 4
Computer Science and Social Sciences,OBC Defence,-,A) Delhi Region,Round 4
Electronics and Communication Engineering,OBC Defence,-,A) Delhi Region,Round 4
Electronics and VLSI Engineering,OBC Defence,-,A) Delhi Region,Round 4
Computer Science and Applied Mathematics,OBC Defence,-,B) Outside Delhi Region,Round 4
Computer Science and Artificial Intelligence,OBC Defence,-,B) Outside Delhi Region,Round 4
Computer Science and Biosciences,OBC Defence,-,B) Outside Delhi Region,Round 4
Computer Science and Design,OBC Defence,-,B) Outside Delhi Region,Round 4
Computer Science and Engineering,OBC Defence,-,B) Outside Delhi Region,Round 4
Computer Science and Social Sciences,OBC Defence,-,B) Outside Delhi Region,Round 4
Electronics and Communication Engineering,OBC Defence,-,B) Outside Delhi Region,Round 4
Electronics and VLSI Engineering,OBC Defence,-,B) Outside Delhi Region,Round 4
Computer Science and Applied Mathematics,OBC Defence,-,A) Delhi Region,Round 5
Computer Science and Artificial Intelligence,OBC Defence,-,A) Delhi Region,Round 5
Computer Science and Biosciences,OBC Defence,-,A) Delhi Region,Round 5
Computer Science and Design,OBC Defence,-,A) Delhi Region,Round 5
Computer Science and Engineering,OBC Defence,-,A) Delhi Region,Round 5
Computer Science and Social Sciences,OBC Defence,-,A) Delhi Region,Round 5
Electronics and Communication Engineering,OBC Defence,-,A) Delhi Region,Round 5
Electronics and VLSI Engineering,OBC Defence,-,A) Delhi Region,Round 5
Computer Science and Applied Mathematics,OBC Defence,-,B) Outside Delhi Region,Round 5
Computer Science and Artificial Intelligence,OBC Defence,-,B) Outside Delhi Region,Round 5
Computer Science and Biosciences,OBC Defence,-,B) Outside Delhi Region,Round 5
Computer Science and Design,OBC Defence,-,B) Outside Delhi Region,Round 5
Computer Science and Engineering,OBC Defence,-,B) Outside Delhi Region,Round 5
Computer Science and Social Sciences,OBC Defence,-,B) Outside Delhi Region,Round 5
Electronics and Communication Engineering,OBC Defence,-,B) Outside Delhi Region,Round 5
Electronics and VLSI Engineering,OBC Defence,-,B) Outside Delhi Region,Round 5
Computer Science and Applied Mathematics,OBC PWD,-,A) Delhi Region,Round 1
Computer Science and Artificial Intelligence,OBC PWD,-,A) Delhi Region,Round 1
Computer Science and Biosciences,OBC PWD,-,A) Delhi Region,Round 1
Computer Science and Design,OBC PWD,-,A) Delhi Region,Round 1
Computer Science and Engineering,OBC PWD,-,A) Delhi Region,Round 1
Computer Science and Social Sciences,OBC PWD,-,A) Delhi Region,Round 1
Electronics and Communication Engineering,OBC PWD,-,A) Delhi Region,Round 1
Electronics and VLSI Engineering,OBC PWD,-,A) Delhi Region,Round 1
Computer Science and Applied Mathematics,OBC PWD,-,B) Outside Delhi Region,Round 1
Computer Science and Artificial Intelligence,OBC PWD,-,B) Outside Delhi Region,Round 1
Computer Science and Biosciences,OBC PWD,-,B) Outside Delhi Region,Round 1
Computer Science and Design,OBC PWD,-,B) Outside Delhi Region,Round 1
Computer Science and Engineering,OBC PWD,-,B) Outside Delhi Region,Round 1
Computer Science and Social Sciences,OBC PWD,-,B) Outside Delhi Region,Round 1
Electronics and Communication Engineering,OBC PWD,-,B) Outside Delhi Region,Round 1
Electronics and VLSI Engineering,OBC PWD,-,B) Outside Delhi Region,Round 1
Computer Science and Applied Mathematics,OBC PWD,-,A) Delhi Region,Round 2
Computer Science and Artificial Intelligence,OBC PWD,-,A) Delhi Region,Round 2
Computer Science and Biosciences,OBC PWD,-,A) Delhi Region,Round 2
Computer Science and Design,OBC PWD,-,A) Delhi Region,Round 2
Computer Science and Engineering,OBC PWD,-,A) Delhi Region,Round 2
Computer Science and Social Sciences,OBC PWD,-,A) Delhi Region,Round 2
Electronics and Communication Engineering,OBC PWD,-,A) Delhi Region,Round 2
Electronics and VLSI Engineering,OBC PWD,-,A) Delhi Region,Round 2
Computer Science and Applied Mathematics,OBC PWD,-,B) Outside Delhi Region,Round 2
Computer Science and Artificial Intelligence,OBC PWD,-,B) Outside Delhi Region,Round 2
Computer Science and Biosciences,OBC PWD,-,B) Outside Delhi Region,Round 2
Computer Science and Design,OBC PWD,-,B) Outside Delhi Region,Round 2
Computer Science and Engineering,OBC PWD,-,B) Outside Delhi Region,Round 2
Computer Science and Social Sciences,OBC PWD,-,B) Outside Delhi Region,Round 2
Electronics and Communication Engineering,OBC PWD,-,B) Outside Delhi Region,Round 2
Electronics and VLSI Engineering,OBC PWD,-,B) Outside Delhi Region,Round 2
Computer Science and Applied Mathematics,OBC PWD,-,A) Delhi Region,Round 3
Computer Science and Artificial Intelligence,OBC PWD,-,A) Delhi Region,Round 3
Computer Science and Biosciences,OBC PWD,-,A) Delhi Region,Round 3
Computer Science and Design,OBC PWD,-,A) Delhi Region,Round 3
Computer Science and Engineering,OBC PWD,-,A) Delhi Region,Round 3
Computer Science and Social Sciences,OBC PWD,-,A) Delhi Region,Round 3
Electronics and Communication Engineering,OBC PWD,-,A) Delhi Region,Round 3
Electronics and VLSI Engineering,OBC PWD,-,A) Delhi Region,Round 3
Computer Science and Applied Mathematics,OBC PWD,-,B) Outside Delhi Region,Round 3
Computer Science and Artificial Intelligence,OBC PWD,-,B) Outside Delhi Region,Round 3
Computer Science and Biosciences,OBC PWD,-,B) Outside Delhi Region,Round 3
Computer Science and Design,OBC PWD,-,B) Outside Delhi Region,Round 3
Computer Science and Engineering,OBC PWD,-,B) Outside Delhi Region,Round 3
Computer Science and Social Sciences,OBC PWD,-,B) Outside Delhi Region,Round 3
Electronics and Communication Engineering,OBC PWD,-,B) Outside Delhi Region,Round 3
Electronics and VLSI Engineering,OBC PWD,-,B) Outside Delhi Region,Round 3
Computer Science and Applied Mathematics,OBC PWD,-,A) Delhi Region,Round 4
Computer Science and Artificial Intelligence,OBC PWD,-,A) Delhi Region,Round 4
Computer Science and Biosciences,OBC PWD,-,A) Delhi Region,Round 4
Computer Science and Design,OBC PWD,-,A) Delhi Region,Round 4
Computer Science and Engineering,OBC PWD,-,A) Delhi Region,Round 4
Computer Science and Social Sciences,OBC PWD,-,A) Delhi Region,Round 4
Electronics and Communication Engineering,OBC PWD,-,A) Delhi Region,Round 4
Electronics and VLSI Engineering,OBC PWD,-,A) Delhi Region,Round 4
Computer Science and Applied Mathematics,OBC PWD,-,B) Outside Delhi Region,Round 4
Computer Science and Artificial Intelligence,OBC PWD,-,B) Outside Delhi Region,Round 4
Computer Science and Biosciences,OBC PWD,-,B) Outside Delhi Region,Round 4
Computer Science and Design,OBC PWD,-,B) Outside Delhi Region,Round 4
Computer Science and Engineering,OBC PWD,-,B) Outside Delhi Region,Round 4
Computer Science and Social Sciences,OBC PWD,-,B) Outside Delhi Region,Round 4
Electronics and Communication Engineering,OBC PWD,-,B) Outside Delhi Region,Round 4
Electronics and VLSI Engineering,OBC PWD,-,B) Outside Delhi Region,Round 4
Computer Science and Applied Mathematics,OBC PWD,-,A) Delhi Region,Round 5
Computer Science and Artificial Intelligence,OBC PWD,-,A) Delhi Region,Round 5
Computer Science and Biosciences,OBC PWD,-,A) Delhi Region,Round 5
Computer Science and Design,OBC PWD,-,A) Delhi Region,Round 5
Computer Science and Engineering,OBC PWD,-,A) Delhi Region,Round 5
Computer Science and Social Sciences,OBC PWD,-,A) Delhi Region,Round 5
Electronics and Communication Engineering,OBC PWD,-,A) Delhi Region,Round 5
Electronics and VLSI Engineering,OBC PWD,-,A) Delhi Region,Round 5
Computer Science and Applied Mathematics,OBC PWD,-,B) Outside Delhi Region,Round 5
Computer Science and Artificial Intelligence,OBC PWD,-,B) Outside Delhi Region,Round 5
Computer Science and Biosciences,OBC PWD,-,B) Outside Delhi Region,Round 5
Computer Science and Design,OBC PWD,-,B) Outside Delhi Region,Round 5
Computer Science and Engineering,OBC PWD,-,B) Outside Delhi Region,Round 5
Computer Science and Social Sciences,OBC PWD,-,B) Outside Delhi Region,Round 5
Electronics and Communication Engineering,OBC PWD,-,B) Outside Delhi Region,Round 5
Electronics and VLSI Engineering,OBC PWD,-,B) Outside Delhi Region,Round 5
Computer Science and Applied Mathematics,OBC PWD,-,A) Delhi Region,Upgradation Round
Computer Science and Artificial Intelligence,OBC PWD,-,A) Delhi Region,Upgradation Round
Computer Science and Biosciences,OBC PWD,-,A) Delhi Region,Upgradation Round
Computer Science and Design,OBC PWD,-,A) Delhi Region,Upgradation Round
Computer Science and Engineering,OBC PWD,-,A) Delhi Region,Upgradation Round
Computer Science and Social Sciences,OBC PWD,-,A) Delhi Region,Upgradation Round
Electronics and Communication Engineering,OBC PWD,-,A) Delhi Region,Upgradation Round
Electronics and VLSI Engineering,OBC PWD,-,A) Delhi Region,Upgradation Round
Computer Science and Applied Mathematics,OBC PWD,-,B) Outside Delhi Region,Upgradation Round
Computer Science and Artificial Intelligence,OBC PWD,-,B) Outside Delhi Region,Upgradation Round
Computer Science and Biosciences,OBC PWD,-,B) Outside Delhi Region,Upgradation Round
Computer Science and Design,OBC PWD,-,B) Outside Delhi Region,Upgradation Round
Computer Science and Engineering,OBC PWD,-,B) Outside Delhi Region,Upgradation Round
Computer Science and Social Sciences,OBC PWD,-,B) Outside Delhi Region,Upgradation Round
Electronics and Communication Engineering,OBC PWD,-,B) Outside Delhi Region,Upgradation Round
Electronics and VLSI Engineering,OBC PWD,-,B) Outside Delhi Region,Upgradation Round
Computer Science and Applied Mathematics,OBC PWD,-,A) Delhi Region,Spot Round
Computer Science and Artificial Intelligence,OBC PWD,-,A) Delhi Region,Spot Round
Computer Science and Biosciences,OBC PWD,-,A) Delhi Region,Spot Round
Computer Science and Design,OBC PWD,-,A) Delhi Region,Spot Round
Computer Science and Engineering,OBC PWD,-,A) Delhi Region,Spot Round
Computer Science and Social Sciences,OBC PWD,-,A) Delhi Region,Spot Round
Electronics and Communication Engineering,OBC PWD,-,A) Delhi Region,Spot Round
Electronics and VLSI Engineering,OBC PWD,-,A) Delhi Region,Spot Round
Computer Science and Applied Mathematics,OBC PWD,-,B) Outside Delhi Region,Spot Round
Computer Science and Artificial Intelligence,OBC PWD,-,B) Outside Delhi Region,Spot Round
Computer Science and Biosciences,OBC PWD,-,B) Outside Delhi Region,Spot Round
Computer Science and Design,OBC PWD,-,B) Outside Delhi Region,Spot Round
Computer Science and Engineering,OBC PWD,-,B) Outside Delhi Region,Spot Round
Computer Science and Social Sciences,OBC PWD,-,B) Outside Delhi Region,Spot Round
Electronics and Communication Engineering,OBC PWD,-,B) Outside Delhi Region,Spot Round
Electronics and VLSI Engineering,OBC PWD,-,B) Outside Delhi Region,Spot Round
Computer Science and Applied Mathematics,OBC PWD,-,A) Delhi Region,Round 1
Computer Science and Artificial Intelligence,OBC PWD,-,A) Delhi Region,Round 1
Computer Science and Biosciences,OBC PWD,-,A) Delhi Region,Round 1
Computer Science and Design,OBC PWD,-,A) Delhi Region,Round 1
Computer Science and Engineering,OBC PWD,-,A) Delhi Region,Round 1
Computer Science and Social Sciences,OBC PWD,-,A) Delhi Region,Round 1
Electronics and Communication Engineering,OBC PWD,-,A) Delhi Region,Round 1
Electronics and VLSI Engineering,OBC PWD,-,A) Delhi Region,Round 1
Computer Science and Applied Mathematics,OBC PWD,-,B) Outside Delhi Region,Round 1
Computer Science and Artificial Intelligence,OBC PWD,-,B) Outside Delhi Region,Round 1
Computer Science and Biosciences,OBC PWD,-,B) Outside Delhi Region,Round 1
Computer Science and Design,OBC PWD,-,B) Outside Delhi Region,Round 1
Computer Science and Engineering,OBC PWD,-,B) Outside Delhi Region,Round 1
Computer Science and Social Sciences,OBC PWD,-,B) Outside Delhi Region,Round 1
Electronics and Communication Engineering,OBC PWD,-,B) Outside Delhi Region,Round 1
Electronics and VLSI Engineering,OBC PWD,-,B) Outside Delhi Region,Round 1
Computer Science and Applied Mathematics,OBC PWD,-,A) Delhi Region,Round 2
Computer Science and Artificial Intelligence,OBC PWD,-,A) Delhi Region,Round 2
Computer Science and Biosciences,OBC PWD,-,A) Delhi Region,Round 2
Computer Science and Design,OBC PWD,-,A) Delhi Region,Round 2
Computer Science and Engineering,OBC PWD,-,A) Delhi Region,Round 2
Computer Science and Social Sciences,OBC PWD,-,A) Delhi Region,Round 2
Electronics and Communication Engineering,OBC PWD,-,A) Delhi Region,Round 2
Electronics and VLSI Engineering,OBC PWD,-,A) Delhi Region,Round 2
Computer Science and Applied Mathematics,OBC PWD,-,B) Outside Delhi Region,Round 2
Computer Science and Artificial Intelligence,OBC PWD,-,B) Outside Delhi Region,Round 2
Computer Science and Biosciences,OBC PWD,-,B) Outside Delhi Region,Round 2
Computer Science and Design,OBC PWD,-,B) Outside Delhi Region,Round 2
Computer Science and Engineering,OBC PWD,-,B) Outside Delhi Region,Round 2
Computer Science and Social Sciences,OBC PWD,-,B) Outside Delhi Region,Round 2
Electronics and Communication Engineering,OBC PWD,-,B) Outside Delhi Region,Round 2
Electronics and VLSI Engineering,OBC PWD,-,B) Outside Delhi Region,Round 2
Computer Science and Applied Mathematics,OBC PWD,-,A) Delhi Region,Round 3
Computer Science and Artificial Intelligence,OBC PWD,-,A) Delhi Region,Round 3
Computer Science and Biosciences,OBC PWD,-,A) Delhi Region,Round 3
Computer Science and Design,OBC PWD,-,A) Delhi Region,Round 3
Computer Science and Engineering,OBC PWD,-,A) Delhi Region,Round 3
Computer Science and Social Sciences,OBC PWD,-,A) Delhi Region,Round 3
Electronics and Communication Engineering,OBC PWD,-,A) Delhi Region,Round 3
Electronics and VLSI Engineering,OBC PWD,-,A) Delhi Region,Round 3
Computer Science and Applied Mathematics,OBC PWD,-,B) Outside Delhi Region,Round 3
Computer Science and Artificial Intelligence,OBC PWD,-,B) Outside Delhi Region,Round 3
Computer Science and Biosciences,OBC PWD,-,B) Outside Delhi Region,Round 3
Computer Science and Design,OBC PWD,-,B) Outside Delhi Region,Round 3
Computer Science and Engineering,OBC PWD,-,B) Outside Delhi Region,Round 3
Computer Science and Social Sciences,OBC PWD,-,B) Outside Delhi Region,Round 3
Electronics and Communication Engineering,OBC PWD,-,B) Outside Delhi Region,Round 3
Electronics and VLSI Engineering,OBC PWD,-,B) Outside Delhi Region,Round 3
Computer Science and Applied Mathematics,OBC PWD,-,A) Delhi Region,Round 4
Computer Science and Artificial Intelligence,OBC PWD,-,A) Delhi Region,Round 4
Computer Science and Biosciences,OBC PWD,-,A) Delhi Region,Round 4
Computer Science and Design,OBC PWD,-,A) Delhi Region,Round 4
Computer Science and Engineering,OBC PWD,-,A) Delhi Region,Round 4
Computer Science and Social Sciences,OBC PWD,-,A) Delhi Region,Round 4
Electronics and Communication Engineering,OBC PWD,-,A) Delhi Region,Round 4
Electronics and VLSI Engineering,OBC PWD,-,A) Delhi Region,Round 4
Computer Science and Applied Mathematics,OBC PWD,-,B) Outside Delhi Region,Round 4
Computer Science and Artificial Intelligence,OBC PWD,-,B) Outside Delhi Region,Round 4
Computer Science and Biosciences,OBC PWD,-,B) Outside Delhi Region,Round 4
Computer Science and Design,OBC PWD,-,B) Outside Delhi Region,Round 4
Computer Science and Engineering,OBC PWD,-,B) Outside Delhi Region,Round 4
Computer Science and Social Sciences,OBC PWD,-,B) Outside Delhi Region,Round 4
Electronics and Communication Engineering,OBC PWD,-,B) Outside Delhi Region,Round 4
Electronics and VLSI Engineering,OBC PWD,-,B) Outside Delhi Region,Round 4
Computer Science and Applied Mathematics,OBC PWD,-,A) Delhi Region,Round 5
Computer Science and Artificial Intelligence,OBC PWD,-,A) Delhi Region,Round 5
Computer Science and Biosciences,OBC PWD,-,A) Delhi Region,Round 5
Computer Science and Design,OBC PWD,-,A) Delhi Region,Round 5
Computer Science and Engineering,OBC PWD,-,A) Delhi Region,Round 5
Computer Science and Social Sciences,OBC PWD,-,A) Delhi Region,Round 5
Electronics and Communication Engineering,OBC PWD,-,A) Delhi Region,Round 5
Electronics and VLSI Engineering,OBC PWD,-,A) Delhi Region,Round 5
Computer Science and Applied Mathematics,OBC PWD,-,B) Outside Delhi Region,Round 5
Computer Science and Artificial Intelligence,OBC PWD,-,B) Outside Delhi Region,Round 5
Computer Science and Biosciences,OBC PWD,-,B) Outside Delhi Region,Round 5
Computer Science and Design,OBC PWD,-,B) Outside Delhi Region,Round 5
Computer Science and Engineering,OBC PWD,-,B) Outside Delhi Region,Round 5
Computer Science and Social Sciences,OBC PWD,-,B) Outside Delhi Region,Round 5
Electronics and Communication Engineering,OBC PWD,-,B) Outside Delhi Region,Round 5
Electronics and VLSI Engineering,OBC PWD,-,B) Outside Delhi Region,Round 5
Computer Science and Applied Mathematics,SC,15207 (141512),A) Delhi Region,Round 1
Computer Science and Artificial Intelligence,SC,13472 (114756),A) Delhi Region,Round 1
Computer Science and Biosciences,SC,16513 (168326),A) Delhi Region,Round 1
Computer Science and Design,SC,15181 (140967),A) Delhi Region,Round 1
Computer Science and Engineering,SC,14192 (124853),A) Delhi Region,Round 1
Computer Science and Social Sciences,SC,16325 (164009),A) Delhi Region,Round 1
Electronics and Communication Engineering,SC,16928 (177796),A) Delhi Region,Round 1
Electronics and VLSI Engineering,SC,17661 (195532),A) Delhi Region,Round 1
Computer Science and Applied Mathematics,SC,5688 (39261),B) Outside Delhi Region,Round 1
Computer Science and Artificial Intelligence,SC,3703 (25550),B) Outside Delhi Region,Round 1
Computer Science and Biosciences,SC,7789 (55351),B) Outside Delhi Region,Round 1
Computer Science and Design,SC,6557 (45724),B) Outside Delhi Region,Round 1
Computer Science and Engineering,SC,5396 (37183),B) Outside Delhi Region,Round 1
Computer Science and Social Sciences,SC,6952 (48598),B) Outside Delhi Region,Round 1
Electronics and Communication Engineering,SC,6628 (46289),B) Outside Delhi Region,Round 1
Electronics and VLSI Engineering,SC,8210 (58764),B) Outside Delhi Region,Round 1
Computer Science and Applied Mathematics,SC,15425 (145600),A) Delhi Region,Round 2
Computer Science and Artificial Intelligence,SC,14192 (124853),A) Delhi Region,Round 2
Computer Science and Biosciences,SC,17064 (180955),A) Delhi Region,Round 2
Computer Science and Design,SC,15771 (151727),A) Delhi Region,Round 2
Computer Science and Engineering,SC,14570 (131089),A) Delhi Region,Round 2
Computer Science and Social Sciences,SC,17262 (185765),A) Delhi Region,Round 2
Electronics and Communication Engineering,SC,17362 (188194),A) Delhi Region,Round 2
Electronics and VLSI Engineering,SC,18455 (218081),A) Delhi Region,Round 2
Computer Science and Applied Mathematics,SC,8554 (61691),B) Outside Delhi Region,Round 2
Computer Science and Artificial Intelligence,SC,6557 (45724),B) Outside Delhi Region,Round 2
Computer Science and Biosciences,SC,9749 (72512),B) Outside Delhi Region,Round 2
Computer Science and Design,SC,9142 (66892),B) Outside Delhi Region,Round 2
Computer Science and Engineering,SC,7551 (53496),B) Outside Delhi Region,Round 2
Computer Science and Social Sciences,SC,8591 (61994),B) Outside Delhi Region,Round 2
Electronics and Communication Engineering,SC,9337 (68676),B) Outside Delhi Region,Round 2
Electronics and VLSI Engineering,SC,9641 (71550),B) Outside Delhi Region,Round 2
Computer Science and Applied Mathematics,SC,17040 (166702),A) Delhi Region,Round 3
Computer Science and Artificial Intelligence,SC,14928 (128373),A) Delhi Region,Round 3
Computer Science and Biosciences,SC,18915 (211599),A) Delhi Region,Round 3
Computer Science and Design,SC,16794 (161150),A) Delhi Region,Round 3
Computer Science and Engineering,SC,15680 (139781),A) Delhi Region,Round 3
Computer Science and Social Sciences,SC,17997 (188194),A) Delhi Region,Round 3
Electronics and Communication Engineering,SC,19276 (222151),A) Delhi Region,Round 3
Electronics and VLSI Engineering,SC,20016 (248575),A) Delhi Region,Round 3
Computer Science and Applied Mathematics,SC,8895 (62163),B) Outside Delhi Region,Round 3
Computer Science and Artificial Intelligence,SC,6766 (45724),B) Outside Delhi Region,Round 3
Computer Science and Biosciences,SC,10242 (73949),B) Outside Delhi Region,Round 3
Computer Science and Design,SC,9949 (71262),B) Outside Delhi Region,Round 3
Computer Science and Engineering,SC,8872 (61994),B) Outside Delhi Region,Round 3
Computer Science and Social Sciences,SC,9556 (67727),B) Outside Delhi Region,Round 3
Electronics and Communication Engineering,SC,10029 (71978),B) Outside Delhi Region,Round 3
Electronics and VLSI Engineering,SC,11473 (85586),B) Outside Delhi Region,Round 3
Computer Science and Applied Mathematics,SC,17188 (169686),A) Delhi Region,Round 4
Computer Science and Artificial Intelligence,SC,14983 (129171),A) Delhi Region,Round 4
Computer Science and Biosciences,SC,19132 (218081),A) Delhi Region,Round 4
Computer Science and Design,SC,17114 (168326),A) Delhi Region,Round 4
Computer Science and Engineering,SC,15734 (140967),A) Delhi Region,Round 4
Computer Science and Social Sciences,SC,18318 (195912),A) Delhi Region,Round 4
Electronics and Communication Engineering,SC,19434 (227450),A) Delhi Region,Round 4
Electronics and VLSI Engineering,SC,20202 (255163),A) Delhi Region,Round 4
Computer Science and Applied Mathematics,SC,8895 (62163),B) Outside Delhi Region,Round 4
Computer Science and Artificial Intelligence,SC,6766 (45724),B) Outside Delhi Region,Round 4
Computer Science and Biosciences,SC,10241 (73949),B) Outside Delhi Region,Round 4
Computer Science and Design,SC,10028 (71978),B) Outside Delhi Region,Round 4
Computer Science and Engineering,SC,8872 (61994),B) Outside Delhi Region,Round 4
Computer Science and Social Sciences,SC,9555 (67727),B) Outside Delhi Region,Round 4
Electronics and Communication Engineering,SC,10301 (74506),B) Outside Delhi Region,Round 4
Electronics and VLSI Engineering,SC,11716 (88118),B) Outside Delhi Region,Round 4
Computer Science and Applied Mathematics,SC,17866 (185173),A) Delhi Region,Round 5
Computer Science and Artificial Intelligence,SC,14982 (129171),A) Delhi Region,Round 5
Computer Science and Biosciences,SC,20335 (260834),A) Delhi Region,Round 5
Computer Science and Design,SC,19721 (236733),A) Delhi Region,Round 5
Computer Science and Engineering,SC,15943 (144752),A) Delhi Region,Round 5
Computer Science and Social Sciences,SC,20662 (273414),A) Delhi Region,Round 5
Electronics and Communication Engineering,SC,20725 (275807),A) Delhi Region,Round 5
Electronics and VLSI Engineering,SC,22240 (362037),A) Delhi Region,Round 5
Computer Science and Applied Mathematics,SC,10027 (71978),B) Outside Delhi Region,Round 5
Computer Science and Artificial Intelligence,SC,6766 (45724),B) Outside Delhi Region,Round 5
Computer Science and Biosciences,SC,10710 (78149),B) Outside Delhi Region,Round 5
Computer Science and Design,SC,10240 (73949),B) Outside Delhi Region,Round 5
Computer Science and Engineering,SC,8894 (62163),B) Outside Delhi Region,Round 5
Computer Science and Social Sciences,SC,11591 (86759),B) Outside Delhi Region,Round 5
Electronics and Communication Engineering,SC,11907 (89941),B) Outside Delhi Region,Round 5
Electronics and VLSI Engineering,SC,12287 (94200),B) Outside Delhi Region,Round 5
Computer Science and Applied Mathematics,SC,196839,A) Delhi Region,Upgradation Round
Computer Science and Artificial Intelligence,SC,129171,A) Delhi Region,Upgradation Round
Computer Science and Biosciences,SC,289782,A) Delhi Region,Upgradation Round
Computer Science and Design,SC,240410,A) Delhi Region,Upgradation Round
Computer Science and Engineering,SC,144752,A) Delhi Region,Upgradation Round
Computer Science and Social Sciences,SC,277596,A) Delhi Region,Upgradation Round
Electronics and Communication Engineering,SC,336778,A) Delhi Region,Upgradation Round
Electronics and VLSI Engineering,SC,462437,A) Delhi Region,Upgradation Round
Computer Science and Applied Mathematics,SC,71978,B) Outside Delhi Region,Upgradation Round
Computer Science and Artificial Intelligence,SC,45724,B) Outside Delhi Region,Upgradation Round
Computer Science and Biosciences,SC,86759,B) Outside Delhi Region,Upgradation Round
Computer Science and Design,SC,73949,B) Outside Delhi Region,Upgradation Round
Computer Science and Engineering,SC,62163,B) Outside Delhi Region,Upgradation Round
Computer Science and Social Sciences,SC,91022,B) Outside Delhi Region,Upgradation Round
Electronics and Communication Engineering,SC,99986,B) Outside Delhi Region,Upgradation Round
Electronics and VLSI Engineering,SC,195423,B) Outside Delhi Region,Upgradation Round
Computer Science and Applied Mathematics,SC,-,A) Delhi Region,Spot Round
Computer Science and Artificial Intelligence,SC,-,A) Delhi Region,Spot Round
Computer Science and Biosciences,SC,-,A) Delhi Region,Spot Round
Computer Science and Design,SC,-,A) Delhi Region,Spot Round
Computer Science and Engineering,SC,-,A) Delhi Region,Spot Round
Computer Science and Social Sciences,SC,-,A) Delhi Region,Spot Round
Electronics and Communication Engineering,SC,-,A) Delhi Region,Spot Round
Electronics and VLSI Engineering,SC,-,A) Delhi Region,Spot Round
Computer Science and Applied Mathematics,SC,-,B) Outside Delhi Region,Spot Round
Computer Science and Artificial Intelligence,SC,-,B) Outside Delhi Region,Spot Round
Computer Science and Biosciences,SC,-,B) Outside Delhi Region,Spot Round
Computer Science and Design,SC,-,B) Outside Delhi Region,Spot Round
Computer Science and Engineering,SC,-,B) Outside Delhi Region,Spot Round
Computer Science and Social Sciences,SC,-,B) Outside Delhi Region,Spot Round
Electronics and Communication Engineering,SC,-,B) Outside Delhi Region,Spot Round
Electronics and VLSI Engineering,SC,-,B) Outside Delhi Region,Spot Round
Computer Science and Applied Mathematics,SC,-,A) Delhi Region,Round 1
Computer Science and Artificial Intelligence,SC,-,A) Delhi Region,Round 1
Computer Science and Biosciences,SC,-,A) Delhi Region,Round 1
Computer Science and Design,SC,-,A) Delhi Region,Round 1
Computer Science and Engineering,SC,-,A) Delhi Region,Round 1
Computer Science and Social Sciences,SC,-,A) Delhi Region,Round 1
Electronics and Communication Engineering,SC,-,A) Delhi Region,Round 1
Electronics and VLSI Engineering,SC,-,A) Delhi Region,Round 1
Computer Science and Applied Mathematics,SC,-,B) Outside Delhi Region,Round 1
Computer Science and Artificial Intelligence,SC,-,B) Outside Delhi Region,Round 1
Computer Science and Biosciences,SC,-,B) Outside Delhi Region,Round 1
Computer Science and Design,SC,-,B) Outside Delhi Region,Round 1
Computer Science and Engineering,SC,-,B) Outside Delhi Region,Round 1
Computer Science and Social Sciences,SC,-,B) Outside Delhi Region,Round 1
Electronics and Communication Engineering,SC,-,B) Outside Delhi Region,Round 1
Electronics and VLSI Engineering,SC,-,B) Outside Delhi Region,Round 1
Computer Science and Applied Mathematics,SC,-,A) Delhi Region,Round 2
Computer Science and Artificial Intelligence,SC,-,A) Delhi Region,Round 2
Computer Science and Biosciences,SC,-,A) Delhi Region,Round 2
Computer Science and Design,SC,-,A) Delhi Region,Round 2
Computer Science and Engineering,SC,-,A) Delhi Region,Round 2
Computer Science and Social Sciences,SC,-,A) Delhi Region,Round 2
Electronics and Communication Engineering,SC,-,A) Delhi Region,Round 2
Electronics and VLSI Engineering,SC,-,A) Delhi Region,Round 2
Computer Science and Applied Mathematics,SC,-,B) Outside Delhi Region,Round 2
Computer Science and Artificial Intelligence,SC,-,B) Outside Delhi Region,Round 2
Computer Science and Biosciences,SC,-,B) Outside Delhi Region,Round 2
Computer Science and Design,SC,-,B) Outside Delhi Region,Round 2
Computer Science and Engineering,SC,-,B) Outside Delhi Region,Round 2
Computer Science and Social Sciences,SC,-,B) Outside Delhi Region,Round 2
Electronics and Communication Engineering,SC,-,B) Outside Delhi Region,Round 2
Electronics and VLSI Engineering,SC,-,B) Outside Delhi Region,Round 2
Computer Science and Applied Mathematics,SC,-,A) Delhi Region,Round 3
Computer Science and Artificial Intelligence,SC,-,A) Delhi Region,Round 3
Computer Science and Biosciences,SC,-,A) Delhi Region,Round 3
Computer Science and Design,SC,-,A) Delhi Region,Round 3
Computer Science and Engineering,SC,-,A) Delhi Region,Round 3
Computer Science and Social Sciences,SC,-,A) Delhi Region,Round 3
Electronics and Communication Engineering,SC,-,A) Delhi Region,Round 3
Electronics and VLSI Engineering,SC,-,A) Delhi Region,Round 3
Computer Science and Applied Mathematics,SC,-,B) Outside Delhi Region,Round 3
Computer Science and Artificial Intelligence,SC,-,B) Outside Delhi Region,Round 3
Computer Science and Biosciences,SC,-,B) Outside Delhi Region,Round 3
Computer Science and Design,SC,-,B) Outside Delhi Region,Round 3
Computer Science and Engineering,SC,-,B) Outside Delhi Region,Round 3
Computer Science and Social Sciences,SC,-,B) Outside Delhi Region,Round 3
Electronics and Communication Engineering,SC,-,B) Outside Delhi Region,Round 3
Electronics and VLSI Engineering,SC,-,B) Outside Delhi Region,Round 3
Computer Science and Applied Mathematics,SC,-,A) Delhi Region,Round 4
Computer Science and Artificial Intelligence,SC,-,A) Delhi Region,Round 4
Computer Science and Biosciences,SC,-,A) Delhi Region,Round 4
Computer Science and Design,SC,-,A) Delhi Region,Round 4
Computer Science and Engineering,SC,-,A) Delhi Region,Round 4
Computer Science and Social Sciences,SC,-,A) Delhi Region,Round 4
Electronics and Communication Engineering,SC,-,A) Delhi Region,Round 4
Electronics and VLSI Engineering,SC,-,A) Delhi Region,Round 4
Computer Science and Applied Mathematics,SC,-,B) Outside Delhi Region,Round 4
Computer Science and Artificial Intelligence,SC,-,B) Outside Delhi Region,Round 4
Computer Science and Biosciences,SC,-,B) Outside Delhi Region,Round 4
Computer Science and Design,SC,-,B) Outside Delhi Region,Round 4
Computer Science and Engineering,SC,-,B) Outside Delhi Region,Round 4
Computer Science and Social Sciences,SC,-,B) Outside Delhi Region,Round 4
Electronics and Communication Engineering,SC,-,B) Outside Delhi Region,Round 4
Electronics and VLSI Engineering,SC,-,B) Outside Delhi Region,Round 4
Computer Science and Applied Mathematics,SC,-,A) Delhi Region,Round 5
Computer Science and Artificial Intelligence,SC,-,A) Delhi Region,Round 5
Computer Science and Biosciences,SC,-,A) Delhi Region,Round 5
Computer Science and Design,SC,-,A) Delhi Region,Round 5
Computer Science and Engineering,SC,-,A) Delhi Region,Round 5
Computer Science and Social Sciences,SC,-,A) Delhi Region,Round 5
Electronics and Communication Engineering,SC,-,A) Delhi Region,Round 5
Electronics and VLSI Engineering,SC,-,A) Delhi Region,Round 5
Computer Science and Applied Mathematics,SC,-,B) Outside Delhi Region,Round 5
Computer Science and Artificial Intelligence,SC,-,B) Outside Delhi Region,Round 5
Computer Science and Biosciences,SC,-,B) Outside Delhi Region,Round 5
Computer Science and Design,SC,-,B) Outside Delhi Region,Round 5
Computer Science and Engineering,SC,-,B) Outside Delhi Region,Round 5
Computer Science and Social Sciences,SC,-,B) Outside Delhi Region,Round 5
Electronics and Communication Engineering,SC,-,B) Outside Delhi Region,Round 5
Electronics and VLSI Engineering,SC,-,B) Outside Delhi Region,Round 5
Computer Science and Applied Mathematics,SC Defence,21940 (407129 (Priority VIII)),A) Delhi Region,Round 1
Computer Science and Artificial Intelligence,SC Defence,17446 (190467 (Priority VIII)),A) Delhi Region,Round 1
Computer Science and Biosciences,SC Defence,-,A) Delhi Region,Round 1
Computer Science and Design,SC Defence,-,A) Delhi Region,Round 1
Computer Science and Engineering,SC Defence,14916 (136666 (Priority VI)),A) Delhi Region,Round 1
Computer Science and Social Sciences,SC Defence,-,A) Delhi Region,Round 1
Electronics and Communication Engineering,SC Defence,-,A) Delhi Region,Round 1
Electronics and VLSI Engineering,SC Defence,-,A) Delhi Region,Round 1
Computer Science and Applied Mathematics,SC Defence,-,B) Outside Delhi Region,Round 1
Computer Science and Artificial Intelligence,SC Defence,-,B) Outside Delhi Region,Round 1
Computer Science and Biosciences,SC Defence,-,B) Outside Delhi Region,Round 1
Computer Science and Design,SC Defence,-,B) Outside Delhi Region,Round 1
Computer Science and Engineering,SC Defence,-,B) Outside Delhi Region,Round 1
Computer Science and Social Sciences,SC Defence,-,B) Outside Delhi Region,Round 1
Electronics and Communication Engineering,SC Defence,-,B) Outside Delhi Region,Round 1
Electronics and VLSI Engineering,SC Defence,-,B) Outside Delhi Region,Round 1
Computer Science and Applied Mathematics,SC Defence,-,A) Delhi Region,Round 2
Computer Science and Artificial Intelligence,SC Defence,17446 (190467 (Priority VIII)),A) Delhi Region,Round 2
Computer Science and Biosciences,SC Defence,-,A) Delhi Region,Round 2
Computer Science and Design,SC Defence,-,A) Delhi Region,Round 2
Computer Science and Engineering,SC Defence,14916 (136666 (Priority VI)),A) Delhi Region,Round 2
Computer Science and Social Sciences,SC Defence,-,A) Delhi Region,Round 2
Electronics and Communication Engineering,SC Defence,-,A) Delhi Region,Round 2
Electronics and VLSI Engineering,SC Defence,-,A) Delhi Region,Round 2
Computer Science and Applied Mathematics,SC Defence,-,B) Outside Delhi Region,Round 2
Computer Science and Artificial Intelligence,SC Defence,-,B) Outside Delhi Region,Round 2
Computer Science and Biosciences,SC Defence,-,B) Outside Delhi Region,Round 2
Computer Science and Design,SC Defence,-,B) Outside Delhi Region,Round 2
Computer Science and Engineering,SC Defence,-,B) Outside Delhi Region,Round 2
Computer Science and Social Sciences,SC Defence,-,B) Outside Delhi Region,Round 2
Electronics and Communication Engineering,SC Defence,-,B) Outside Delhi Region,Round 2
Electronics and VLSI Engineering,SC Defence,-,B) Outside Delhi Region,Round 2
Computer Science and Applied Mathematics,SC Defence,-,A) Delhi Region,Round 3
Computer Science and Artificial Intelligence,SC Defence,18089 (190467 (Priority VIII)),A) Delhi Region,Round 3
Computer Science and Biosciences,SC Defence,-,A) Delhi Region,Round 3
Computer Science and Design,SC Defence,-,A) Delhi Region,Round 3
Computer Science and Engineering,SC Defence,-,A) Delhi Region,Round 3
Computer Science and Social Sciences,SC Defence,-,A) Delhi Region,Round 3
Electronics and Communication Engineering,SC Defence,-,A) Delhi Region,Round 3
Electronics and VLSI Engineering,SC Defence,-,A) Delhi Region,Round 3
Computer Science and Applied Mathematics,SC Defence,-,B) Outside Delhi Region,Round 3
Computer Science and Artificial Intelligence,SC Defence,-,B) Outside Delhi Region,Round 3
Computer Science and Biosciences,SC Defence,-,B) Outside Delhi Region,Round 3
Computer Science and Design,SC Defence,-,B) Outside Delhi Region,Round 3
Computer Science and Engineering,SC Defence,-,B) Outside Delhi Region,Round 3
Computer Science and Social Sciences,SC Defence,-,B) Outside Delhi Region,Round 3
Electronics and Communication Engineering,SC Defence,-,B) Outside Delhi Region,Round 3
Electronics and VLSI Engineering,SC Defence,-,B) Outside Delhi Region,Round 3
Computer Science and Applied Mathematics,SC Defence,-,A) Delhi Region,Round 4
Computer Science and Artificial Intelligence,SC Defence,18089 (190467 (Priority VIII)),A) Delhi Region,Round 4
Computer Science and Biosciences,SC Defence,-,A) Delhi Region,Round 4
Computer Science and Design,SC Defence,-,A) Delhi Region,Round 4
Computer Science and Engineering,SC Defence,-,A) Delhi Region,Round 4
Computer Science and Social Sciences,SC Defence,-,A) Delhi Region,Round 4
Electronics and Communication Engineering,SC Defence,-,A) Delhi Region,Round 4
Electronics and VLSI Engineering,SC Defence,-,A) Delhi Region,Round 4
Computer Science and Applied Mathematics,SC Defence,-,B) Outside Delhi Region,Round 4
Computer Science and Artificial Intelligence,SC Defence,-,B) Outside Delhi Region,Round 4
Computer Science and Biosciences,SC Defence,-,B) Outside Delhi Region,Round 4
Computer Science and Design,SC Defence,-,B) Outside Delhi Region,Round 4
Computer Science and Engineering,SC Defence,-,B) Outside Delhi Region,Round 4
Computer Science and Social Sciences,SC Defence,-,B) Outside Delhi Region,Round 4
Electronics and Communication Engineering,SC Defence,-,B) Outside Delhi Region,Round 4
Electronics and VLSI Engineering,SC Defence,-,B) Outside Delhi Region,Round 4
Computer Science and Applied Mathematics,SC Defence,-,A) Delhi Region,Round 5
Computer Science and Artificial Intelligence,SC Defence,18089 (190467 (Priority VIII)),A) Delhi Region,Round 5
Computer Science and Biosciences,SC Defence,-,A) Delhi Region,Round 5
Computer Science and Design,SC Defence,-,A) Delhi Region,Round 5
Computer Science and Engineering,SC Defence,-,A) Delhi Region,Round 5
Computer Science and Social Sciences,SC Defence,-,A) Delhi Region,Round 5
Electronics and Communication Engineering,SC Defence,-,A) Delhi Region,Round 5
Electronics and VLSI Engineering,SC Defence,-,A) Delhi Region,Round 5
Computer Science and Applied Mathematics,SC Defence,-,B) Outside Delhi Region,Round 5
Computer Science and Artificial Intelligence,SC Defence,-,B) Outside Delhi Region,Round 5
Computer Science and Biosciences,SC Defence,-,B) Outside Delhi Region,Round 5
Computer Science and Design,SC Defence,-,B) Outside Delhi Region,Round 5
Computer Science and Engineering,SC Defence,-,B) Outside Delhi Region,Round 5
Computer Science and Social Sciences,SC Defence,-,B) Outside Delhi Region,Round 5
Electronics and Communication Engineering,SC Defence,-,B) Outside Delhi Region,Round 5
Electronics and VLSI Engineering,SC Defence,-,B) Outside Delhi Region,Round 5
Computer Science and Applied Mathematics,SC Defence,-,A) Delhi Region,Upgradation Round
Computer Science and Artificial Intelligence,SC Defence,190467 (Priority VIII),A) Delhi Region,Upgradation Round
Computer Science and Biosciences,SC Defence,-,A) Delhi Region,Upgradation Round
Computer Science and Design,SC Defence,-,A) Delhi Region,Upgradation Round
Computer Science and Engineering,SC Defence,-,A) Delhi Region,Upgradation Round
Computer Science and Social Sciences,SC Defence,-,A) Delhi Region,Upgradation Round
Electronics and Communication Engineering,SC Defence,-,A) Delhi Region,Upgradation Round
Electronics and VLSI Engineering,SC Defence,-,A) Delhi Region,Upgradation Round
Computer Science and Applied Mathematics,SC Defence,-,B) Outside Delhi Region,Upgradation Round
Computer Science and Artificial Intelligence,SC Defence,-,B) Outside Delhi Region,Upgradation Round
Computer Science and Biosciences,SC Defence,-,B) Outside Delhi Region,Upgradation Round
Computer Science and Design,SC Defence,-,B) Outside Delhi Region,Upgradation Round
Computer Science and Engineering,SC Defence,-,B) Outside Delhi Region,Upgradation Round
Computer Science and Social Sciences,SC Defence,-,B) Outside Delhi Region,Upgradation Round
Electronics and Communication Engineering,SC Defence,-,B) Outside Delhi Region,Upgradation Round
Electronics and VLSI Engineering,SC Defence,-,B) Outside Delhi Region,Upgradation Round
Computer Science and Applied Mathematics,SC Defence,-,A) Delhi Region,Spot Round
Computer Science and Artificial Intelligence,SC Defence,-,A) Delhi Region,Spot Round
Computer Science and Biosciences,SC Defence,-,A) Delhi Region,Spot Round
Computer Science and Design,SC Defence,-,A) Delhi Region,Spot Round
Computer Science and Engineering,SC Defence,-,A) Delhi Region,Spot Round
Computer Science and Social Sciences,SC Defence,-,A) Delhi Region,Spot Round
Electronics and Communication Engineering,SC Defence,-,A) Delhi Region,Spot Round
Electronics and VLSI Engineering,SC Defence,-,A) Delhi Region,Spot Round
Computer Science and Applied Mathematics,SC Defence,-,B) Outside Delhi Region,Spot Round
Computer Science and Artificial Intelligence,SC Defence,-,B) Outside Delhi Region,Spot Round
Computer Science and Biosciences,SC Defence,-,B) Outside Delhi Region,Spot Round
Computer Science and Design,SC Defence,-,B) Outside Delhi Region,Spot Round
Computer Science and Engineering,SC Defence,-,B) Outside Delhi Region,Spot Round
Computer Science and Social Sciences,SC Defence,-,B) Outside Delhi Region,Spot Round
Electronics and Communication Engineering,SC Defence,-,B) Outside Delhi Region,Spot Round
Electronics and VLSI Engineering,SC Defence,-,B) Outside Delhi Region,Spot Round
Computer Science and Applied Mathematics,SC Defence,-,A) Delhi Region,Round 1
Computer Science and Artificial Intelligence,SC Defence,-,A) Delhi Region,Round 1
Computer Science and Biosciences,SC Defence,-,A) Delhi Region,Round 1
Computer Science and Design,SC Defence,-,A) Delhi Region,Round 1
Computer Science and Engineering,SC Defence,-,A) Delhi Region,Round 1
Computer Science and Social Sciences,SC Defence,-,A) Delhi Region,Round 1
Electronics and Communication Engineering,SC Defence,-,A) Delhi Region,Round 1
Electronics and VLSI Engineering,SC Defence,-,A) Delhi Region,Round 1
Computer Science and Applied Mathematics,SC Defence,-,B) Outside Delhi Region,Round 1
Computer Science and Artificial Intelligence,SC Defence,-,B) Outside Delhi Region,Round 1
Computer Science and Biosciences,SC Defence,-,B) Outside Delhi Region,Round 1
Computer Science and Design,SC Defence,-,B) Outside Delhi Region,Round 1
Computer Science and Engineering,SC Defence,-,B) Outside Delhi Region,Round 1
Computer Science and Social Sciences,SC Defence,-,B) Outside Delhi Region,Round 1
Electronics and Communication Engineering,SC Defence,-,B) Outside Delhi Region,Round 1
Electronics and VLSI Engineering,SC Defence,-,B) Outside Delhi Region,Round 1
Computer Science and Applied Mathematics,SC Defence,-,A) Delhi Region,Round 2
Computer Science and Artificial Intelligence,SC Defence,-,A) Delhi Region,Round 2
Computer Science and Biosciences,SC Defence,-,A) Delhi Region,Round 2
Computer Science and Design,SC Defence,-,A) Delhi Region,Round 2
Computer Science and Engineering,SC Defence,-,A) Delhi Region,Round 2
Computer Science and Social Sciences,SC Defence,-,A) Delhi Region,Round 2
Electronics and Communication Engineering,SC Defence,-,A) Delhi Region,Round 2
Electronics and VLSI Engineering,SC Defence,-,A) Delhi Region,Round 2
Computer Science and Applied Mathematics,SC Defence,-,B) Outside Delhi Region,Round 2
Computer Science and Artificial Intelligence,SC Defence,-,B) Outside Delhi Region,Round 2
Computer Science and Biosciences,SC Defence,-,B) Outside Delhi Region,Round 2
Computer Science and Design,SC Defence,-,B) Outside Delhi Region,Round 2
Computer Science and Engineering,SC Defence,-,B) Outside Delhi Region,Round 2
Computer Science and Social Sciences,SC Defence,-,B) Outside Delhi Region,Round 2
Electronics and Communication Engineering,SC Defence,-,B) Outside Delhi Region,Round 2
Electronics and VLSI Engineering,SC Defence,-,B) Outside Delhi Region,Round 2
Computer Science and Applied Mathematics,SC Defence,-,A) Delhi Region,Round 3
Computer Science and Artificial Intelligence,SC Defence,-,A) Delhi Region,Round 3
Computer Science and Biosciences,SC Defence,-,A) Delhi Region,Round 3
Computer Science and Design,SC Defence,-,A) Delhi Region,Round 3
Computer Science and Engineering,SC Defence,-,A) Delhi Region,Round 3
Computer Science and Social Sciences,SC Defence,-,A) Delhi Region,Round 3
Electronics and Communication Engineering,SC Defence,-,A) Delhi Region,Round 3
Electronics and VLSI Engineering,SC Defence,-,A) Delhi Region,Round 3
Computer Science and Applied Mathematics,SC Defence,-,B) Outside Delhi Region,Round 3
Computer Science and Artificial Intelligence,SC Defence,-,B) Outside Delhi Region,Round 3
Computer Science and Biosciences,SC Defence,-,B) Outside Delhi Region,Round 3
Computer Science and Design,SC Defence,-,B) Outside Delhi Region,Round 3
Computer Science and Engineering,SC Defence,-,B) Outside Delhi Region,Round 3
Computer Science and Social Sciences,SC Defence,-,B) Outside Delhi Region,Round 3
Electronics and Communication Engineering,SC Defence,-,B) Outside Delhi Region,Round 3
Electronics and VLSI Engineering,SC Defence,-,B) Outside Delhi Region,Round 3
Computer Science and Applied Mathematics,SC Defence,-,A) Delhi Region,Round 4
Computer Science and Artificial Intelligence,SC Defence,-,A) Delhi Region,Round 4
Computer Science and Biosciences,SC Defence,-,A) Delhi Region,Round 4
Computer Science and Design,SC Defence,-,A) Delhi Region,Round 4
Computer Science and Engineering,SC Defence,-,A) Delhi Region,Round 4
Computer Science and Social Sciences,SC Defence,-,A) Delhi Region,Round 4
Electronics and Communication Engineering,SC Defence,-,A) Delhi Region,Round 4
Electronics and VLSI Engineering,SC Defence,-,A) Delhi Region,Round 4
Computer Science and Applied Mathematics,SC Defence,-,B) Outside Delhi Region,Round 4
Computer Science and Artificial Intelligence,SC Defence,-,B) Outside Delhi Region,Round 4
Computer Science and Biosciences,SC Defence,-,B) Outside Delhi Region,Round 4
Computer Science and Design,SC Defence,-,B) Outside Delhi Region,Round 4
Computer Science and Engineering,SC Defence,-,B) Outside Delhi Region,Round 4
Computer Science and Social Sciences,SC Defence,-,B) Outside Delhi Region,Round 4
Electronics and Communication Engineering,SC Defence,-,B) Outside Delhi Region,Round 4
Electronics and VLSI Engineering,SC Defence,-,B) Outside Delhi Region,Round 4
Computer Science and Applied Mathematics,SC Defence,-,A) Delhi Region,Round 5
Computer Science and Artificial Intelligence,SC Defence,-,A) Delhi Region,Round 5
Computer Science and Biosciences,SC Defence,-,A) Delhi Region,Round 5
Computer Science and Design,SC Defence,-,A) Delhi Region,Round 5
Computer Science and Engineering,SC Defence,-,A) Delhi Region,Round 5
Computer Science and Social Sciences,SC Defence,-,A) Delhi Region,Round 5
Electronics and Communication Engineering,SC Defence,-,A) Delhi Region,Round 5
Electronics and VLSI Engineering,SC Defence,-,A) Delhi Region,Round 5
Computer Science and Applied Mathematics,SC Defence,-,B) Outside Delhi Region,Round 5
Computer Science and Artificial Intelligence,SC Defence,-,B) Outside Delhi Region,Round 5
Computer Science and Biosciences,SC Defence,-,B) Outside Delhi Region,Round 5
Computer Science and Design,SC Defence,-,B) Outside Delhi Region,Round 5
Computer Science and Engineering,SC Defence,-,B) Outside Delhi Region,Round 5
Computer Science and Social Sciences,SC Defence,-,B) Outside Delhi Region,Round 5
Electronics and Communication Engineering,SC Defence,-,B) Outside Delhi Region,Round 5
Electronics and VLSI Engineering,SC Defence,-,B) Outside Delhi Region,Round 5
Computer Science and Applied Mathematics,SC PWD,-,A) Delhi Region,Round 1
Computer Science and Artificial Intelligence,SC PWD,-,A) Delhi Region,Round 1
Computer Science and Biosciences,SC PWD,-,A) Delhi Region,Round 1
Computer Science and Design,SC PWD,-,A) Delhi Region,Round 1
Computer Science and Engineering,SC PWD,-,A) Delhi Region,Round 1
Computer Science and Social Sciences,SC PWD,-,A) Delhi Region,Round 1
Electronics and Communication Engineering,SC PWD,-,A) Delhi Region,Round 1
Electronics and VLSI Engineering,SC PWD,-,A) Delhi Region,Round 1
Computer Science and Applied Mathematics,SC PWD,-,B) Outside Delhi Region,Round 1
Computer Science and Artificial Intelligence,SC PWD,-,B) Outside Delhi Region,Round 1
Computer Science and Biosciences,SC PWD,-,B) Outside Delhi Region,Round 1
Computer Science and Design,SC PWD,-,B) Outside Delhi Region,Round 1
Computer Science and Engineering,SC PWD,-,B) Outside Delhi Region,Round 1
Computer Science and Social Sciences,SC PWD,-,B) Outside Delhi Region,Round 1
Electronics and Communication Engineering,SC PWD,-,B) Outside Delhi Region,Round 1
Electronics and VLSI Engineering,SC PWD,-,B) Outside Delhi Region,Round 1
Computer Science and Applied Mathematics,SC PWD,-,A) Delhi Region,Round 2
Computer Science and Artificial Intelligence,SC PWD,-,A) Delhi Region,Round 2
Computer Science and Biosciences,SC PWD,-,A) Delhi Region,Round 2
Computer Science and Design,SC PWD,-,A) Delhi Region,Round 2
Computer Science and Engineering,SC PWD,-,A) Delhi Region,Round 2
Computer Science and Social Sciences,SC PWD,-,A) Delhi Region,Round 2
Electronics and Communication Engineering,SC PWD,-,A) Delhi Region,Round 2
Electronics and VLSI Engineering,SC PWD,-,A) Delhi Region,Round 2
Computer Science and Applied Mathematics,SC PWD,-,B) Outside Delhi Region,Round 2
Computer Science and Artificial Intelligence,SC PWD,-,B) Outside Delhi Region,Round 2
Computer Science and Biosciences,SC PWD,-,B) Outside Delhi Region,Round 2
Computer Science and Design,SC PWD,-,B) Outside Delhi Region,Round 2
Computer Science and Engineering,SC PWD,-,B) Outside Delhi Region,Round 2
Computer Science and Social Sciences,SC PWD,-,B) Outside Delhi Region,Round 2
Electronics and Communication Engineering,SC PWD,-,B) Outside Delhi Region,Round 2
Electronics and VLSI Engineering,SC PWD,-,B) Outside Delhi Region,Round 2
Computer Science and Applied Mathematics,SC PWD,-,A) Delhi Region,Round 3
Computer Science and Artificial Intelligence,SC PWD,-,A) Delhi Region,Round 3
Computer Science and Biosciences,SC PWD,-,A) Delhi Region,Round 3
Computer Science and Design,SC PWD,-,A) Delhi Region,Round 3
Computer Science and Engineering,SC PWD,-,A) Delhi Region,Round 3
Computer Science and Social Sciences,SC PWD,-,A) Delhi Region,Round 3
Electronics and Communication Engineering,SC PWD,-,A) Delhi Region,Round 3
Electronics and VLSI Engineering,SC PWD,-,A) Delhi Region,Round 3
Computer Science and Applied Mathematics,SC PWD,-,B) Outside Delhi Region,Round 3
Computer Science and Artificial Intelligence,SC PWD,-,B) Outside Delhi Region,Round 3
Computer Science and Biosciences,SC PWD,-,B) Outside Delhi Region,Round 3
Computer Science and Design,SC PWD,-,B) Outside Delhi Region,Round 3
Computer Science and Engineering,SC PWD,-,B) Outside Delhi Region,Round 3
Computer Science and Social Sciences,SC PWD,-,B) Outside Delhi Region,Round 3
Electronics and Communication Engineering,SC PWD,-,B) Outside Delhi Region,Round 3
Electronics and VLSI Engineering,SC PWD,-,B) Outside Delhi Region,Round 3
Computer Science and Applied Mathematics,SC PWD,-,A) Delhi Region,Round 4
Computer Science and Artificial Intelligence,SC PWD,-,A) Delhi Region,Round 4
Computer Science and Biosciences,SC PWD,-,A) Delhi Region,Round 4
Computer Science and Design,SC PWD,-,A) Delhi Region,Round 4
Computer Science and Engineering,SC PWD,-,A) Delhi Region,Round 4
Computer Science and Social Sciences,SC PWD,-,A) Delhi Region,Round 4
Electronics and Communication Engineering,SC PWD,-,A) Delhi Region,Round 4
Electronics and VLSI Engineering,SC PWD,-,A) Delhi Region,Round 4
Computer Science and Applied Mathematics,SC PWD,-,B) Outside Delhi Region,Round 4
Computer Science and Artificial Intelligence,SC PWD,-,B) Outside Delhi Region,Round 4
Computer Science and Biosciences,SC PWD,-,B) Outside Delhi Region,Round 4
Computer Science and Design,SC PWD,-,B) Outside Delhi Region,Round 4
Computer Science and Engineering,SC PWD,-,B) Outside Delhi Region,Round 4
Computer Science and Social Sciences,SC PWD,-,B) Outside Delhi Region,Round 4
Electronics and Communication Engineering,SC PWD,-,B) Outside Delhi Region,Round 4
Electronics and VLSI Engineering,SC PWD,-,B) Outside Delhi Region,Round 4
Computer Science and Applied Mathematics,SC PWD,-,A) Delhi Region,Round 5
Computer Science and Artificial Intelligence,SC PWD,-,A) Delhi Region,Round 5
Computer Science and Biosciences,SC PWD,-,A) Delhi Region,Round 5
Computer Science and Design,SC PWD,-,A) Delhi Region,Round 5
Computer Science and Engineering,SC PWD,-,A) Delhi Region,Round 5
Computer Science and Social Sciences,SC PWD,-,A) Delhi Region,Round 5
Electronics and Communication Engineering,SC PWD,-,A) Delhi Region,Round 5
Electronics and VLSI Engineering,SC PWD,-,A) Delhi Region,Round 5
Computer Science and Applied Mathematics,SC PWD,-,B) Outside Delhi Region,Round 5
Computer Science and Artificial Intelligence,SC PWD,-,B) Outside Delhi Region,Round 5
Computer Science and Biosciences,SC PWD,-,B) Outside Delhi Region,Round 5
Computer Science and Design,SC PWD,-,B) Outside Delhi Region,Round 5
Computer Science and Engineering,SC PWD,-,B) Outside Delhi Region,Round 5
Computer Science and Social Sciences,SC PWD,-,B) Outside Delhi Region,Round 5
Electronics and Communication Engineering,SC PWD,-,B) Outside Delhi Region,Round 5
Electronics and VLSI Engineering,SC PWD,-,B) Outside Delhi Region,Round 5
Computer Science and Applied Mathematics,SC PWD,-,A) Delhi Region,Upgradation Round
Computer Science and Artificial Intelligence,SC PWD,-,A) Delhi Region,Upgradation Round
Computer Science and Biosciences,SC PWD,-,A) Delhi Region,Upgradation Round
Computer Science and Design,SC PWD,-,A) Delhi Region,Upgradation Round
Computer Science and Engineering,SC PWD,-,A) Delhi Region,Upgradation Round
Computer Science and Social Sciences,SC PWD,-,A) Delhi Region,Upgradation Round
Electronics and Communication Engineering,SC PWD,-,A) Delhi Region,Upgradation Round
Electronics and VLSI Engineering,SC PWD,-,A) Delhi Region,Upgradation Round
Computer Science and Applied Mathematics,SC PWD,-,B) Outside Delhi Region,Upgradation Round
Computer Science and Artificial Intelligence,SC PWD,-,B) Outside Delhi Region,Upgradation Round
Computer Science and Biosciences,SC PWD,-,B) Outside Delhi Region,Upgradation Round
Computer Science and Design,SC PWD,-,B) Outside Delhi Region,Upgradation Round
Computer Science and Engineering,SC PWD,-,B) Outside Delhi Region,Upgradation Round
Computer Science and Social Sciences,SC PWD,-,B) Outside Delhi Region,Upgradation Round
Electronics and Communication Engineering,SC PWD,-,B) Outside Delhi Region,Upgradation Round
Electronics and VLSI Engineering,SC PWD,-,B) Outside Delhi Region,Upgradation Round
Computer Science and Applied Mathematics,SC PWD,-,A) Delhi Region,Spot Round
Computer Science and Artificial Intelligence,SC PWD,-,A) Delhi Region,Spot Round
Computer Science and Biosciences,SC PWD,-,A) Delhi Region,Spot Round
Computer Science and Design,SC PWD,-,A) Delhi Region,Spot Round
Computer Science and Engineering,SC PWD,-,A) Delhi Region,Spot Round
Computer Science and Social Sciences,SC PWD,-,A) Delhi Region,Spot Round
Electronics and Communication Engineering,SC PWD,-,A) Delhi Region,Spot Round
Electronics and VLSI Engineering,SC PWD,-,A) Delhi Region,Spot Round
Computer Science and Applied Mathematics,SC PWD,-,B) Outside Delhi Region,Spot Round
Computer Science and Artificial Intelligence,SC PWD,-,B) Outside Delhi Region,Spot Round
Computer Science and Biosciences,SC PWD,-,B) Outside Delhi Region,Spot Round
Computer Science and Design,SC PWD,-,B) Outside Delhi Region,Spot Round
Computer Science and Engineering,SC PWD,-,B) Outside Delhi Region,Spot Round
Computer Science and Social Sciences,SC PWD,-,B) Outside Delhi Region,Spot Round
Electronics and Communication Engineering,SC PWD,-,B) Outside Delhi Region,Spot Round
Electronics and VLSI Engineering,SC PWD,-,B) Outside Delhi Region,Spot Round
Computer Science and Applied Mathematics,SC PWD,-,A) Delhi Region,Round 1
Computer Science and Artificial Intelligence,SC PWD,-,A) Delhi Region,Round 1
Computer Science and Biosciences,SC PWD,-,A) Delhi Region,Round 1
Computer Science and Design,SC PWD,-,A) Delhi Region,Round 1
Computer Science and Engineering,SC PWD,-,A) Delhi Region,Round 1
Computer Science and Social Sciences,SC PWD,-,A) Delhi Region,Round 1
Electronics and Communication Engineering,SC PWD,-,A) Delhi Region,Round 1
Electronics and VLSI Engineering,SC PWD,-,A) Delhi Region,Round 1
Computer Science and Applied Mathematics,SC PWD,-,B) Outside Delhi Region,Round 1
Computer Science and Artificial Intelligence,SC PWD,-,B) Outside Delhi Region,Round 1
Computer Science and Biosciences,SC PWD,-,B) Outside Delhi Region,Round 1
Computer Science and Design,SC PWD,-,B) Outside Delhi Region,Round 1
Computer Science and Engineering,SC PWD,-,B) Outside Delhi Region,Round 1
Computer Science and Social Sciences,SC PWD,-,B) Outside Delhi Region,Round 1
Electronics and Communication Engineering,SC PWD,-,B) Outside Delhi Region,Round 1
Electronics and VLSI Engineering,SC PWD,-,B) Outside Delhi Region,Round 1
Computer Science and Applied Mathematics,SC PWD,-,A) Delhi Region,Round 2
Computer Science and Artificial Intelligence,SC PWD,-,A) Delhi Region,Round 2
Computer Science and Biosciences,SC PWD,-,A) Delhi Region,Round 2
Computer Science and Design,SC PWD,-,A) Delhi Region,Round 2
Computer Science and Engineering,SC PWD,-,A) Delhi Region,Round 2
Computer Science and Social Sciences,SC PWD,-,A) Delhi Region,Round 2
Electronics and Communication Engineering,SC PWD,-,A) Delhi Region,Round 2
Electronics and VLSI Engineering,SC PWD,-,A) Delhi Region,Round 2
Computer Science and Applied Mathematics,SC PWD,-,B) Outside Delhi Region,Round 2
Computer Science and Artificial Intelligence,SC PWD,-,B) Outside Delhi Region,Round 2
Computer Science and Biosciences,SC PWD,-,B) Outside Delhi Region,Round 2
Computer Science and Design,SC PWD,-,B) Outside Delhi Region,Round 2
Computer Science and Engineering,SC PWD,-,B) Outside Delhi Region,Round 2
Computer Science and Social Sciences,SC PWD,-,B) Outside Delhi Region,Round 2
Electronics and Communication Engineering,SC PWD,-,B) Outside Delhi Region,Round 2
Electronics and VLSI Engineering,SC PWD,-,B) Outside Delhi Region,Round 2
Computer Science and Applied Mathematics,SC PWD,-,A) Delhi Region,Round 3
Computer Science and Artificial Intelligence,SC PWD,-,A) Delhi Region,Round 3
Computer Science and Biosciences,SC PWD,-,A) Delhi Region,Round 3
Computer Science and Design,SC PWD,-,A) Delhi Region,Round 3
Computer Science and Engineering,SC PWD,-,A) Delhi Region,Round 3
Computer Science and Social Sciences,SC PWD,-,A) Delhi Region,Round 3
Electronics and Communication Engineering,SC PWD,-,A) Delhi Region,Round 3
Electronics and VLSI Engineering,SC PWD,-,A) Delhi Region,Round 3
Computer Science and Applied Mathematics,SC PWD,-,B) Outside Delhi Region,Round 3
Computer Science and Artificial Intelligence,SC PWD,-,B) Outside Delhi Region,Round 3
Computer Science and Biosciences,SC PWD,-,B) Outside Delhi Region,Round 3
Computer Science and Design,SC PWD,-,B) Outside Delhi Region,Round 3
Computer Science and Engineering,SC PWD,-,B) Outside Delhi Region,Round 3
Computer Science and Social Sciences,SC PWD,-,B) Outside Delhi Region,Round 3
Electronics and Communication Engineering,SC PWD,-,B) Outside Delhi Region,Round 3
Electronics and VLSI Engineering,SC PWD,-,B) Outside Delhi Region,Round 3
Computer Science and Applied Mathematics,SC PWD,-,A) Delhi Region,Round 4
Computer Science and Artificial Intelligence,SC PWD,-,A) Delhi Region,Round 4
Computer Science and Biosciences,SC PWD,-,A) Delhi Region,Round 4
Computer Science and Design,SC PWD,-,A) Delhi Region,Round 4
Computer Science and Engineering,SC PWD,-,A) Delhi Region,Round 4
Computer Science and Social Sciences,SC PWD,-,A) Delhi Region,Round 4
Electronics and Communication Engineering,SC PWD,-,A) Delhi Region,Round 4
Electronics and VLSI Engineering,SC PWD,-,A) Delhi Region,Round 4
Computer Science and Applied Mathematics,SC PWD,-,B) Outside Delhi Region,Round 4
Computer Science and Artificial Intelligence,SC PWD,-,B) Outside Delhi Region,Round 4
Computer Science and Biosciences,SC PWD,-,B) Outside Delhi Region,Round 4
Computer Science and Design,SC PWD,-,B) Outside Delhi Region,Round 4
Computer Science and Engineering,SC PWD,-,B) Outside Delhi Region,Round 4
Computer Science and Social Sciences,SC PWD,-,B) Outside Delhi Region,Round 4
Electronics and Communication Engineering,SC PWD,-,B) Outside Delhi Region,Round 4
Electronics and VLSI Engineering,SC PWD,-,B) Outside Delhi Region,Round 4
Computer Science and Applied Mathematics,SC PWD,-,A) Delhi Region,Round 5
Computer Science and Artificial Intelligence,SC PWD,-,A) Delhi Region,Round 5
Computer Science and Biosciences,SC PWD,-,A) Delhi Region,Round 5
Computer Science and Design,SC PWD,-,A) Delhi Region,Round 5
Computer Science and Engineering,SC PWD,-,A) Delhi Region,Round 5
Computer Science and Social Sciences,SC PWD,-,A) Delhi Region,Round 5
Electronics and Communication Engineering,SC PWD,-,A) Delhi Region,Round 5
Electronics and VLSI Engineering,SC PWD,-,A) Delhi Region,Round 5
Computer Science and Applied Mathematics,SC PWD,-,B) Outside Delhi Region,Round 5
Computer Science and Artificial Intelligence,SC PWD,-,B) Outside Delhi Region,Round 5
Computer Science and Biosciences,SC PWD,-,B) Outside Delhi Region,Round 5
Computer Science and Design,SC PWD,-,B) Outside Delhi Region,Round 5
Computer Science and Engineering,SC PWD,-,B) Outside Delhi Region,Round 5
Computer Science and Social Sciences,SC PWD,-,B) Outside Delhi Region,Round 5
Electronics and Communication Engineering,SC PWD,-,B) Outside Delhi Region,Round 5
Electronics and VLSI Engineering,SC PWD,-,B) Outside Delhi Region,Round 5
Computer Science and Applied Mathematics,ST,23621 (816417),A) Delhi Region,Round 1
Computer Science and Artificial Intelligence,ST,21813 (393637),A) Delhi Region,Round 1
Computer Science and Biosciences,ST,-,A) Delhi Region,Round 1
Computer Science and Design,ST,23390 (682548),A) Delhi Region,Round 1
Computer Science and Engineering,ST,22134 (427738),A) Delhi Region,Round 1
Computer Science and Social Sciences,ST,23533 (746826),A) Delhi Region,Round 1
Electronics and Communication Engineering,ST,23434 (698348),A) Delhi Region,Round 1
Electronics and VLSI Engineering,ST,-,A) Delhi Region,Round 1
Computer Science and Applied Mathematics,ST,12151 (97343),B) Outside Delhi Region,Round 1
Computer Science and Artificial Intelligence,ST,6791 (47408),B) Outside Delhi Region,Round 1
Computer Science and Biosciences,ST,12769 (105238),B) Outside Delhi Region,Round 1
Computer Science and Design,ST,-,B) Outside Delhi Region,Round 1
Computer Science and Engineering,ST,5127 (35442),B) Outside Delhi Region,Round 1
Computer Science and Social Sciences,ST,-,B) Outside Delhi Region,Round 1
Electronics and Communication Engineering,ST,12073 (96383),B) Outside Delhi Region,Round 1
Electronics and VLSI Engineering,ST,11194 (86768),B) Outside Delhi Region,Round 1
Computer Science and Applied Mathematics,ST,23621 (816417),A) Delhi Region,Round 2
Computer Science and Artificial Intelligence,ST,21813 (393637),A) Delhi Region,Round 2
Computer Science and Biosciences,ST,-,A) Delhi Region,Round 2
Computer Science and Design,ST,23390 (682548),A) Delhi Region,Round 2
Computer Science and Engineering,ST,22437 (465232),A) Delhi Region,Round 2
Computer Science and Social Sciences,ST,23533 (746826),A) Delhi Region,Round 2
Electronics and Communication Engineering,ST,-,A) Delhi Region,Round 2
Electronics and VLSI Engineering,ST,-,A) Delhi Region,Round 2
Computer Science and Applied Mathematics,ST,13587 (116361),B) Outside Delhi Region,Round 2
Computer Science and Artificial Intelligence,ST,6791 (47408),B) Outside Delhi Region,Round 2
Computer Science and Biosciences,ST,13527 (115524),B) Outside Delhi Region,Round 2
Computer Science and Design,ST,-,B) Outside Delhi Region,Round 2
Computer Science and Engineering,ST,12769 (105238),B) Outside Delhi Region,Round 2
Computer Science and Social Sciences,ST,-,B) Outside Delhi Region,Round 2
Electronics and Communication Engineering,ST,14560 (130974),B) Outside Delhi Region,Round 2
Electronics and VLSI Engineering,ST,14378 (127816),B) Outside Delhi Region,Round 2
Computer Science and Applied Mathematics,ST,24559 (816417),A) Delhi Region,Round 3
Computer Science and Artificial Intelligence,ST,22656 (393637),A) Delhi Region,Round 3
Computer Science and Biosciences,ST,-,A) Delhi Region,Round 3
Computer Science and Design,ST,24467 (746826),A) Delhi Region,Round 3
Computer Science and Engineering,ST,24420 (722349),A) Delhi Region,Round 3
Computer Science and Social Sciences,ST,-,A) Delhi Region,Round 3
Electronics and Communication Engineering,ST,-,A) Delhi Region,Round 3
Electronics and VLSI Engineering,ST,-,A) Delhi Region,Round 3
Computer Science and Applied Mathematics,ST,14899 (127816),B) Outside Delhi Region,Round 3
Computer Science and Artificial Intelligence,ST,7007 (47408),B) Outside Delhi Region,Round 3
Computer Science and Biosciences,ST,15760 (141488),B) Outside Delhi Region,Round 3
Computer Science and Design,ST,-,B) Outside Delhi Region,Round 3
Computer Science and Engineering,ST,13229 (105238),B) Outside Delhi Region,Round 3
Computer Science and Social Sciences,ST,-,B) Outside Delhi Region,Round 3
Electronics and Communication Engineering,ST,16432 (153685),B) Outside Delhi Region,Round 3
Electronics and VLSI Engineering,ST,16806 (161444),B) Outside Delhi Region,Round 3
Computer Science and Applied Mathematics,ST,24559 (816417),A) Delhi Region,Round 4
Computer Science and Artificial Intelligence,ST,22655 (393637),A) Delhi Region,Round 4
Computer Science and Biosciences,ST,-,A) Delhi Region,Round 4
Computer Science and Design,ST,-,A) Delhi Region,Round 4
Computer Science and Engineering,ST,24467 (746826),A) Delhi Region,Round 4
Computer Science and Social Sciences,ST,-,A) Delhi Region,Round 4
Electronics and Communication Engineering,ST,-,A) Delhi Region,Round 4
Electronics and VLSI Engineering,ST,-,A) Delhi Region,Round 4
Computer Science and Applied Mathematics,ST,14898 (127816),B) Outside Delhi Region,Round 4
Computer Science and Artificial Intelligence,ST,7007 (47408),B) Outside Delhi Region,Round 4
Computer Science and Biosciences,ST,15759 (141488),B) Outside Delhi Region,Round 4
Computer Science and Design,ST,-,B) Outside Delhi Region,Round 4
Computer Science and Engineering,ST,13228 (105238),B) Outside Delhi Region,Round 4
Computer Science and Social Sciences,ST,-,B) Outside Delhi Region,Round 4
Electronics and Communication Engineering,ST,16685 (158809),B) Outside Delhi Region,Round 4
Electronics and VLSI Engineering,ST,17431 (175247),B) Outside Delhi Region,Round 4
Computer Science and Applied Mathematics,ST,24559 (816417),A) Delhi Region,Round 5
Computer Science and Artificial Intelligence,ST,22655 (393637),A) Delhi Region,Round 5
Computer Science and Biosciences,ST,-,A) Delhi Region,Round 5
Computer Science and Design,ST,-,A) Delhi Region,Round 5
Computer Science and Engineering,ST,24474 (751423),A) Delhi Region,Round 5
Computer Science and Social Sciences,ST,-,A) Delhi Region,Round 5
Electronics and Communication Engineering,ST,-,A) Delhi Region,Round 5
Electronics and VLSI Engineering,ST,-,A) Delhi Region,Round 5
Computer Science and Applied Mathematics,ST,14897 (127816),B) Outside Delhi Region,Round 5
Computer Science and Artificial Intelligence,ST,7007 (47408),B) Outside Delhi Region,Round 5
Computer Science and Biosciences,ST,15759 (141488),B) Outside Delhi Region,Round 5
Computer Science and Design,ST,-,B) Outside Delhi Region,Round 5
Computer Science and Engineering,ST,13227 (105238),B) Outside Delhi Region,Round 5
Computer Science and Social Sciences,ST,-,B) Outside Delhi Region,Round 5
Electronics and Communication Engineering,ST,16685 (158809),B) Outside Delhi Region,Round 5
Electronics and VLSI Engineering,ST,17920 (186385),B) Outside Delhi Region,Round 5
Computer Science and Applied Mathematics,ST,816417,A) Delhi Region,Upgradation Round
Computer Science and Artificial Intelligence,ST,393637,A) Delhi Region,Upgradation Round
Computer Science and Biosciences,ST,-,A) Delhi Region,Upgradation Round
Computer Science and Design,ST,-,A) Delhi Region,Upgradation Round
Computer Science and Engineering,ST,751423,A) Delhi Region,Upgradation Round
Computer Science and Social Sciences,ST,-,A) Delhi Region,Upgradation Round
Electronics and Communication Engineering,ST,-,A) Delhi Region,Upgradation Round
Electronics and VLSI Engineering,ST,-,A) Delhi Region,Upgradation Round
Computer Science and Applied Mathematics,ST,127816,B) Outside Delhi Region,Upgradation Round
Computer Science and Artificial Intelligence,ST,47408,B) Outside Delhi Region,Upgradation Round
Computer Science and Biosciences,ST,141488,B) Outside Delhi Region,Upgradation Round
Computer Science and Design,ST,-,B) Outside Delhi Region,Upgradation Round
Computer Science and Engineering,ST,105238,B) Outside Delhi Region,Upgradation Round
Computer Science and Social Sciences,ST,-,B) Outside Delhi Region,Upgradation Round
Electronics and Communication Engineering,ST,158809,B) Outside Delhi Region,Upgradation Round
Electronics and VLSI Engineering,ST,-,B) Outside Delhi Region,Upgradation Round
Computer Science and Applied Mathematics,ST,-,A) Delhi Region,Spot Round
Computer Science and Artificial Intelligence,ST,-,A) Delhi Region,Spot Round
Computer Science and Biosciences,ST,-,A) Delhi Region,Spot Round
Computer Science and Design,ST,-,A) Delhi Region,Spot Round
Computer Science and Engineering,ST,-,A) Delhi Region,Spot Round
Computer Science and Social Sciences,ST,-,A) Delhi Region,Spot Round
Electronics and Communication Engineering,ST,-,A) Delhi Region,Spot Round
Electronics and VLSI Engineering,ST,-,A) Delhi Region,Spot Round
Computer Science and Applied Mathematics,ST,-,B) Outside Delhi Region,Spot Round
Computer Science and Artificial Intelligence,ST,-,B) Outside Delhi Region,Spot Round
Computer Science and Biosciences,ST,-,B) Outside Delhi Region,Spot Round
Computer Science and Design,ST,-,B) Outside Delhi Region,Spot Round
Computer Science and Engineering,ST,-,B) Outside Delhi Region,Spot Round
Computer Science and Social Sciences,ST,-,B) Outside Delhi Region,Spot Round
Electronics and Communication Engineering,ST,-,B) Outside Delhi Region,Spot Round
Electronics and VLSI Engineering,ST,-,B) Outside Delhi Region,Spot Round
Computer Science and Applied Mathematics,ST,-,A) Delhi Region,Round 1
Computer Science and Artificial Intelligence,ST,-,A) Delhi Region,Round 1
Computer Science and Biosciences,ST,-,A) Delhi Region,Round 1
Computer Science and Design,ST,-,A) Delhi Region,Round 1
Computer Science and Engineering,ST,-,A) Delhi Region,Round 1
Computer Science and Social Sciences,ST,-,A) Delhi Region,Round 1
Electronics and Communication Engineering,ST,-,A) Delhi Region,Round 1
Electronics and VLSI Engineering,ST,-,A) Delhi Region,Round 1
Computer Science and Applied Mathematics,ST,-,B) Outside Delhi Region,Round 1
Computer Science and Artificial Intelligence,ST,-,B) Outside Delhi Region,Round 1
Computer Science and Biosciences,ST,-,B) Outside Delhi Region,Round 1
Computer Science and Design,ST,-,B) Outside Delhi Region,Round 1
Computer Science and Engineering,ST,-,B) Outside Delhi Region,Round 1
Computer Science and Social Sciences,ST,-,B) Outside Delhi Region,Round 1
Electronics and Communication Engineering,ST,-,B) Outside Delhi Region,Round 1
Electronics and VLSI Engineering,ST,-,B) Outside Delhi Region,Round 1
Computer Science and Applied Mathematics,ST,-,A) Delhi Region,Round 2
Computer Science and Artificial Intelligence,ST,-,A) Delhi Region,Round 2
Computer Science and Biosciences,ST,-,A) Delhi Region,Round 2
Computer Science and Design,ST,-,A) Delhi Region,Round 2
Computer Science and Engineering,ST,-,A) Delhi Region,Round 2
Computer Science and Social Sciences,ST,-,A) Delhi Region,Round 2
Electronics and Communication Engineering,ST,-,A) Delhi Region,Round 2
Electronics and VLSI Engineering,ST,-,A) Delhi Region,Round 2
Computer Science and Applied Mathematics,ST,-,B) Outside Delhi Region,Round 2
Computer Science and Artificial Intelligence,ST,-,B) Outside Delhi Region,Round 2
Computer Science and Biosciences,ST,-,B) Outside Delhi Region,Round 2
Computer Science and Design,ST,-,B) Outside Delhi Region,Round 2
Computer Science and Engineering,ST,-,B) Outside Delhi Region,Round 2
Computer Science and Social Sciences,ST,-,B) Outside Delhi Region,Round 2
Electronics and Communication Engineering,ST,-,B) Outside Delhi Region,Round 2
Electronics and VLSI Engineering,ST,-,B) Outside Delhi Region,Round 2
Computer Science and Applied Mathematics,ST,-,A) Delhi Region,Round 3
Computer Science and Artificial Intelligence,ST,-,A) Delhi Region,Round 3
Computer Science and Biosciences,ST,-,A) Delhi Region,Round 3
Computer Science and Design,ST,-,A) Delhi Region,Round 3
Computer Science and Engineering,ST,-,A) Delhi Region,Round 3
Computer Science and Social Sciences,ST,-,A) Delhi Region,Round 3
Electronics and Communication Engineering,ST,-,A) Delhi Region,Round 3
Electronics and VLSI Engineering,ST,-,A) Delhi Region,Round 3
Computer Science and Applied Mathematics,ST,-,B) Outside Delhi Region,Round 3
Computer Science and Artificial Intelligence,ST,-,B) Outside Delhi Region,Round 3
Computer Science and Biosciences,ST,-,B) Outside Delhi Region,Round 3
Computer Science and Design,ST,-,B) Outside Delhi Region,Round 3
Computer Science and Engineering,ST,-,B) Outside Delhi Region,Round 3
Computer Science and Social Sciences,ST,-,B) Outside Delhi Region,Round 3
Electronics and Communication Engineering,ST,-,B) Outside Delhi Region,Round 3
Electronics and VLSI Engineering,ST,-,B) Outside Delhi Region,Round 3
Computer Science and Applied Mathematics,ST,-,A) Delhi Region,Round 4
Computer Science and Artificial Intelligence,ST,-,A) Delhi Region,Round 4
Computer Science and Biosciences,ST,-,A) Delhi Region,Round 4
Computer Science and Design,ST,-,A) Delhi Region,Round 4
Computer Science and Engineering,ST,-,A) Delhi Region,Round 4
Computer Science and Social Sciences,ST,-,A) Delhi Region,Round 4
Electronics and Communication Engineering,ST,-,A) Delhi Region,Round 4
Electronics and VLSI Engineering,ST,-,A) Delhi Region,Round 4
Computer Science and Applied Mathematics,ST,-,B) Outside Delhi Region,Round 4
Computer Science and Artificial Intelligence,ST,-,B) Outside Delhi Region,Round 4
Computer Science and Biosciences,ST,-,B) Outside Delhi Region,Round 4
Computer Science and Design,ST,-,B) Outside Delhi Region,Round 4
Computer Science and Engineering,ST,-,B) Outside Delhi Region,Round 4
Computer Science and Social Sciences,ST,-,B) Outside Delhi Region,Round 4
Electronics and Communication Engineering,ST,-,B) Outside Delhi Region,Round 4
Electronics and VLSI Engineering,ST,-,B) Outside Delhi Region,Round 4
Computer Science and Applied Mathematics,ST,-,A) Delhi Region,Round 5
Computer Science and Artificial Intelligence,ST,-,A) Delhi Region,Round 5
Computer Science and Biosciences,ST,-,A) Delhi Region,Round 5
Computer Science and Design,ST,-,A) Delhi Region,Round 5
Computer Science and Engineering,ST,-,A) Delhi Region,Round 5
Computer Science and Social Sciences,ST,-,A) Delhi Region,Round 5
Electronics and Communication Engineering,ST,-,A) Delhi Region,Round 5
Electronics and VLSI Engineering,ST,-,A) Delhi Region,Round 5
Computer Science and Applied Mathematics,ST,-,B) Outside Delhi Region,Round 5
Computer Science and Artificial Intelligence,ST,-,B) Outside Delhi Region,Round 5
Computer Science and Biosciences,ST,-,B) Outside Delhi Region,Round 5
Computer Science and Design,ST,-,B) Outside Delhi Region,Round 5
Computer Science and Engineering,ST,-,B) Outside Delhi Region,Round 5
Computer Science and Social Sciences,ST,-,B) Outside Delhi Region,Round 5
Electronics and Communication Engineering,ST,-,B) Outside Delhi Region,Round 5
Electronics and VLSI Engineering,ST,-,B) Outside Delhi Region,Round 5
Computer Science and Applied Mathematics,ST Defence,-,A) Delhi Region,Round 1
Computer Science and Artificial Intelligence,ST Defence,-,A) Delhi Region,Round 1
Computer Science and Biosciences,ST Defence,-,A) Delhi Region,Round 1
Computer Science and Design,ST Defence,-,A) Delhi Region,Round 1
Computer Science and Engineering,ST Defence,-,A) Delhi Region,Round 1
Computer Science and Social Sciences,ST Defence,-,A) Delhi Region,Round 1
Electronics and Communication Engineering,ST Defence,-,A) Delhi Region,Round 1
Electronics and VLSI Engineering,ST Defence,-,A) Delhi Region,Round 1
Computer Science and Applied Mathematics,ST Defence,-,B) Outside Delhi Region,Round 1
Computer Science and Artificial Intelligence,ST Defence,-,B) Outside Delhi Region,Round 1
Computer Science and Biosciences,ST Defence,-,B) Outside Delhi Region,Round 1
Computer Science and Design,ST Defence,-,B) Outside Delhi Region,Round 1
Computer Science and Engineering,ST Defence,-,B) Outside Delhi Region,Round 1
Computer Science and Social Sciences,ST Defence,-,B) Outside Delhi Region,Round 1
Electronics and Communication Engineering,ST Defence,-,B) Outside Delhi Region,Round 1
Electronics and VLSI Engineering,ST Defence,-,B) Outside Delhi Region,Round 1
Computer Science and Applied Mathematics,ST Defence,-,A) Delhi Region,Round 2
Computer Science and Artificial Intelligence,ST Defence,-,A) Delhi Region,Round 2
Computer Science and Biosciences,ST Defence,-,A) Delhi Region,Round 2
Computer Science and Design,ST Defence,-,A) Delhi Region,Round 2
Computer Science and Engineering,ST Defence,-,A) Delhi Region,Round 2
Computer Science and Social Sciences,ST Defence,-,A) Delhi Region,Round 2
Electronics and Communication Engineering,ST Defence,-,A) Delhi Region,Round 2
Electronics and VLSI Engineering,ST Defence,-,A) Delhi Region,Round 2
Computer Science and Applied Mathematics,ST Defence,-,B) Outside Delhi Region,Round 2
Computer Science and Artificial Intelligence,ST Defence,-,B) Outside Delhi Region,Round 2
Computer Science and Biosciences,ST Defence,-,B) Outside Delhi Region,Round 2
Computer Science and Design,ST Defence,-,B) Outside Delhi Region,Round 2
Computer Science and Engineering,ST Defence,-,B) Outside Delhi Region,Round 2
Computer Science and Social Sciences,ST Defence,-,B) Outside Delhi Region,Round 2
Electronics and Communication Engineering,ST Defence,-,B) Outside Delhi Region,Round 2
Electronics and VLSI Engineering,ST Defence,-,B) Outside Delhi Region,Round 2
Computer Science and Applied Mathematics,ST Defence,-,A) Delhi Region,Round 3
Computer Science and Artificial Intelligence,ST Defence,-,A) Delhi Region,Round 3
Computer Science and Biosciences,ST Defence,-,A) Delhi Region,Round 3
Computer Science and Design,ST Defence,-,A) Delhi Region,Round 3
Computer Science and Engineering,ST Defence,-,A) Delhi Region,Round 3
Computer Science and Social Sciences,ST Defence,-,A) Delhi Region,Round 3
Electronics and Communication Engineering,ST Defence,-,A) Delhi Region,Round 3
Electronics and VLSI Engineering,ST Defence,-,A) Delhi Region,Round 3
Computer Science and Applied Mathematics,ST Defence,-,B) Outside Delhi Region,Round 3
Computer Science and Artificial Intelligence,ST Defence,-,B) Outside Delhi Region,Round 3
Computer Science and Biosciences,ST Defence,-,B) Outside Delhi Region,Round 3
Computer Science and Design,ST Defence,-,B) Outside Delhi Region,Round 3
Computer Science and Engineering,ST Defence,-,B) Outside Delhi Region,Round 3
Computer Science and Social Sciences,ST Defence,-,B) Outside Delhi Region,Round 3
Electronics and Communication Engineering,ST Defence,-,B) Outside Delhi Region,Round 3
Electronics and VLSI Engineering,ST Defence,-,B) Outside Delhi Region,Round 3
Computer Science and Applied Mathematics,ST Defence,-,A) Delhi Region,Round 4
Computer Science and Artificial Intelligence,ST Defence,-,A) Delhi Region,Round 4
Computer Science and Biosciences,ST Defence,-,A) Delhi Region,Round 4
Computer Science and Design,ST Defence,-,A) Delhi Region,Round 4
Computer Science and Engineering,ST Defence,-,A) Delhi Region,Round 4
Computer Science and Social Sciences,ST Defence,-,A) Delhi Region,Round 4
Electronics and Communication Engineering,ST Defence,-,A) Delhi Region,Round 4
Electronics and VLSI Engineering,ST Defence,-,A) Delhi Region,Round 4
Computer Science and Applied Mathematics,ST Defence,-,B) Outside Delhi Region,Round 4
Computer Science and Artificial Intelligence,ST Defence,-,B) Outside Delhi Region,Round 4
Computer Science and Biosciences,ST Defence,-,B) Outside Delhi Region,Round 4
Computer Science and Design,ST Defence,-,B) Outside Delhi Region,Round 4
Computer Science and Engineering,ST Defence,-,B) Outside Delhi Region,Round 4
Computer Science and Social Sciences,ST Defence,-,B) Outside Delhi Region,Round 4
Electronics and Communication Engineering,ST Defence,-,B) Outside Delhi Region,Round 4
Electronics and VLSI Engineering,ST Defence,-,B) Outside Delhi Region,Round 4
Computer Science and Applied Mathematics,ST Defence,-,A) Delhi Region,Round 5
Computer Science and Artificial Intelligence,ST Defence,-,A) Delhi Region,Round 5
Computer Science and Biosciences,ST Defence,-,A) Delhi Region,Round 5
Computer Science and Design,ST Defence,-,A) Delhi Region,Round 5
Computer Science and Engineering,ST Defence,-,A) Delhi Region,Round 5
Computer Science and Social Sciences,ST Defence,-,A) Delhi Region,Round 5
Electronics and Communication Engineering,ST Defence,-,A) Delhi Region,Round 5
Electronics and VLSI Engineering,ST Defence,-,A) Delhi Region,Round 5
Computer Science and Applied Mathematics,ST Defence,-,B) Outside Delhi Region,Round 5
Computer Science and Artificial Intelligence,ST Defence,-,B) Outside Delhi Region,Round 5
Computer Science and Biosciences,ST Defence,-,B) Outside Delhi Region,Round 5
Computer Science and Design,ST Defence,-,B) Outside Delhi Region,Round 5
Computer Science and Engineering,ST Defence,-,B) Outside Delhi Region,Round 5
Computer Science and Social Sciences,ST Defence,-,B) Outside Delhi Region,Round 5
Electronics and Communication Engineering,ST Defence,-,B) Outside Delhi Region,Round 5
Electronics and VLSI Engineering,ST Defence,-,B) Outside Delhi Region,Round 5
Computer Science and Applied Mathematics,ST Defence,-,A) Delhi Region,Upgradation Round
Computer Science and Artificial Intelligence,ST Defence,-,A) Delhi Region,Upgradation Round
Computer Science and Biosciences,ST Defence,-,A) Delhi Region,Upgradation Round
Computer Science and Design,ST Defence,-,A) Delhi Region,Upgradation Round
Computer Science and Engineering,ST Defence,-,A) Delhi Region,Upgradation Round
Computer Science and Social Sciences,ST Defence,-,A) Delhi Region,Upgradation Round
Electronics and Communication Engineering,ST Defence,-,A) Delhi Region,Upgradation Round
Electronics and VLSI Engineering,ST Defence,-,A) Delhi Region,Upgradation Round
Computer Science and Applied Mathematics,ST Defence,-,B) Outside Delhi Region,Upgradation Round
Computer Science and Artificial Intelligence,ST Defence,-,B) Outside Delhi Region,Upgradation Round
Computer Science and Biosciences,ST Defence,-,B) Outside Delhi Region,Upgradation Round
Computer Science and Design,ST Defence,-,B) Outside Delhi Region,Upgradation Round
Computer Science and Engineering,ST Defence,-,B) Outside Delhi Region,Upgradation Round
Computer Science and Social Sciences,ST Defence,-,B) Outside Delhi Region,Upgradation Round
Electronics and Communication Engineering,ST Defence,-,B) Outside Delhi Region,Upgradation Round
Electronics and VLSI Engineering,ST Defence,-,B) Outside Delhi Region,Upgradation Round
Computer Science and Applied Mathematics,ST Defence,-,A) Delhi Region,Spot Round
Computer Science and Artificial Intelligence,ST Defence,-,A) Delhi Region,Spot Round
Computer Science and Biosciences,ST Defence,-,A) Delhi Region,Spot Round
Computer Science and Design,ST Defence,-,A) Delhi Region,Spot Round
Computer Science and Engineering,ST Defence,-,A) Delhi Region,Spot Round
Computer Science and Social Sciences,ST Defence,-,A) Delhi Region,Spot Round
Electronics and Communication Engineering,ST Defence,-,A) Delhi Region,Spot Round
Electronics and VLSI Engineering,ST Defence,-,A) Delhi Region,Spot Round
Computer Science and Applied Mathematics,ST Defence,-,B) Outside Delhi Region,Spot Round
Computer Science and Artificial Intelligence,ST Defence,-,B) Outside Delhi Region,Spot Round
Computer Science and Biosciences,ST Defence,-,B) Outside Delhi Region,Spot Round
Computer Science and Design,ST Defence,-,B) Outside Delhi Region,Spot Round
Computer Science and Engineering,ST Defence,-,B) Outside Delhi Region,Spot Round
Computer Science and Social Sciences,ST Defence,-,B) Outside Delhi Region,Spot Round
Electronics and Communication Engineering,ST Defence,-,B) Outside Delhi Region,Spot Round
Electronics and VLSI Engineering,ST Defence,-,B) Outside Delhi Region,Spot Round
Computer Science and Applied Mathematics,ST Defence,-,A) Delhi Region,Round 1
Computer Science and Artificial Intelligence,ST Defence,-,A) Delhi Region,Round 1
Computer Science and Biosciences,ST Defence,-,A) Delhi Region,Round 1
Computer Science and Design,ST Defence,-,A) Delhi Region,Round 1
Computer Science and Engineering,ST Defence,-,A) Delhi Region,Round 1
Computer Science and Social Sciences,ST Defence,-,A) Delhi Region,Round 1
Electronics and Communication Engineering,ST Defence,-,A) Delhi Region,Round 1
Electronics and VLSI Engineering,ST Defence,-,A) Delhi Region,Round 1
Computer Science and Applied Mathematics,ST Defence,-,B) Outside Delhi Region,Round 1
Computer Science and Artificial Intelligence,ST Defence,-,B) Outside Delhi Region,Round 1
Computer Science and Biosciences,ST Defence,-,B) Outside Delhi Region,Round 1
Computer Science and Design,ST Defence,-,B) Outside Delhi Region,Round 1
Computer Science and Engineering,ST Defence,-,B) Outside Delhi Region,Round 1
Computer Science and Social Sciences,ST Defence,-,B) Outside Delhi Region,Round 1
Electronics and Communication Engineering,ST Defence,-,B) Outside Delhi Region,Round 1
Electronics and VLSI Engineering,ST Defence,-,B) Outside Delhi Region,Round 1
Computer Science and Applied Mathematics,ST Defence,-,A) Delhi Region,Round 2
Computer Science and Artificial Intelligence,ST Defence,-,A) Delhi Region,Round 2
Computer Science and Biosciences,ST Defence,-,A) Delhi Region,Round 2
Computer Science and Design,ST Defence,-,A) Delhi Region,Round 2
Computer Science and Engineering,ST Defence,-,A) Delhi Region,Round 2
Computer Science and Social Sciences,ST Defence,-,A) Delhi Region,Round 2
Electronics and Communication Engineering,ST Defence,-,A) Delhi Region,Round 2
Electronics and VLSI Engineering,ST Defence,-,A) Delhi Region,Round 2
Computer Science and Applied Mathematics,ST Defence,-,B) Outside Delhi Region,Round 2
Computer Science and Artificial Intelligence,ST Defence,-,B) Outside Delhi Region,Round 2
Computer Science and Biosciences,ST Defence,-,B) Outside Delhi Region,Round 2
Computer Science and Design,ST Defence,-,B) Outside Delhi Region,Round 2
Computer Science and Engineering,ST Defence,-,B) Outside Delhi Region,Round 2
Computer Science and Social Sciences,ST Defence,-,B) Outside Delhi Region,Round 2
Electronics and Communication Engineering,ST Defence,-,B) Outside Delhi Region,Round 2
Electronics and VLSI Engineering,ST Defence,-,B) Outside Delhi Region,Round 2
Computer Science and Applied Mathematics,ST Defence,-,A) Delhi Region,Round 3
Computer Science and Artificial Intelligence,ST Defence,-,A) Delhi Region,Round 3
Computer Science and Biosciences,ST Defence,-,A) Delhi Region,Round 3
Computer Science and Design,ST Defence,-,A) Delhi Region,Round 3
Computer Science and Engineering,ST Defence,-,A) Delhi Region,Round 3
Computer Science and Social Sciences,ST Defence,-,A) Delhi Region,Round 3
Electronics and Communication Engineering,ST Defence,-,A) Delhi Region,Round 3
Electronics and VLSI Engineering,ST Defence,-,A) Delhi Region,Round 3
Computer Science and Applied Mathematics,ST Defence,-,B) Outside Delhi Region,Round 3
Computer Science and Artificial Intelligence,ST Defence,-,B) Outside Delhi Region,Round 3
Computer Science and Biosciences,ST Defence,-,B) Outside Delhi Region,Round 3
Computer Science and Design,ST Defence,-,B) Outside Delhi Region,Round 3
Computer Science and Engineering,ST Defence,-,B) Outside Delhi Region,Round 3
Computer Science and Social Sciences,ST Defence,-,B) Outside Delhi Region,Round 3
Electronics and Communication Engineering,ST Defence,-,B) Outside Delhi Region,Round 3
Electronics and VLSI Engineering,ST Defence,-,B) Outside Delhi Region,Round 3
Computer Science and Applied Mathematics,ST Defence,-,A) Delhi Region,Round 4
Computer Science and Artificial Intelligence,ST Defence,-,A) Delhi Region,Round 4
Computer Science and Biosciences,ST Defence,-,A) Delhi Region,Round 4
Computer Science and Design,ST Defence,-,A) Delhi Region,Round 4
Computer Science and Engineering,ST Defence,-,A) Delhi Region,Round 4
Computer Science and Social Sciences,ST Defence,-,A) Delhi Region,Round 4
Electronics and Communication Engineering,ST Defence,-,A) Delhi Region,Round 4
Electronics and VLSI Engineering,ST Defence,-,A) Delhi Region,Round 4
Computer Science and Applied Mathematics,ST Defence,-,B) Outside Delhi Region,Round 4
Computer Science and Artificial Intelligence,ST Defence,-,B) Outside Delhi Region,Round 4
Computer Science and Biosciences,ST Defence,-,B) Outside Delhi Region,Round 4
Computer Science and Design,ST Defence,-,B) Outside Delhi Region,Round 4
Computer Science and Engineering,ST Defence,-,B) Outside Delhi Region,Round 4
Computer Science and Social Sciences,ST Defence,-,B) Outside Delhi Region,Round 4
Electronics and Communication Engineering,ST Defence,-,B) Outside Delhi Region,Round 4
Electronics and VLSI Engineering,ST Defence,-,B) Outside Delhi Region,Round 4
Computer Science and Applied Mathematics,ST Defence,-,A) Delhi Region,Round 5
Computer Science and Artificial Intelligence,ST Defence,-,A) Delhi Region,Round 5
Computer Science and Biosciences,ST Defence,-,A) Delhi Region,Round 5
Computer Science and Design,ST Defence,-,A) Delhi Region,Round 5
Computer Science and Engineering,ST Defence,-,A) Delhi Region,Round 5
Computer Science and Social Sciences,ST Defence,-,A) Delhi Region,Round 5
Electronics and Communication Engineering,ST Defence,-,A) Delhi Region,Round 5
Electronics and VLSI Engineering,ST Defence,-,A) Delhi Region,Round 5
Computer Science and Applied Mathematics,ST Defence,-,B) Outside Delhi Region,Round 5
Computer Science and Artificial Intelligence,ST Defence,-,B) Outside Delhi Region,Round 5
Computer Science and Biosciences,ST Defence,-,B) Outside Delhi Region,Round 5
Computer Science and Design,ST Defence,-,B) Outside Delhi Region,Round 5
Computer Science and Engineering,ST Defence,-,B) Outside Delhi Region,Round 5
Computer Science and Social Sciences,ST Defence,-,B) Outside Delhi Region,Round 5
Electronics and Communication Engineering,ST Defence,-,B) Outside Delhi Region,Round 5
Electronics and VLSI Engineering,ST Defence,-,B) Outside Delhi Region,Round 5
Computer Science and Applied Mathematics,ST PWD,-,A) Delhi Region,Round 1
Computer Science and Artificial Intelligence,ST PWD,-,A) Delhi Region,Round 1
Computer Science and Biosciences,ST PWD,-,A) Delhi Region,Round 1
Computer Science and Design,ST PWD,-,A) Delhi Region,Round 1
Computer Science and Engineering,ST PWD,-,A) Delhi Region,Round 1
Computer Science and Social Sciences,ST PWD,-,A) Delhi Region,Round 1
Electronics and Communication Engineering,ST PWD,-,A) Delhi Region,Round 1
Electronics and VLSI Engineering,ST PWD,-,A) Delhi Region,Round 1
Computer Science and Applied Mathematics,ST PWD,-,B) Outside Delhi Region,Round 1
Computer Science and Artificial Intelligence,ST PWD,-,B) Outside Delhi Region,Round 1
Computer Science and Biosciences,ST PWD,-,B) Outside Delhi Region,Round 1
Computer Science and Design,ST PWD,-,B) Outside Delhi Region,Round 1
Computer Science and Engineering,ST PWD,-,B) Outside Delhi Region,Round 1
Computer Science and Social Sciences,ST PWD,-,B) Outside Delhi Region,Round 1
Electronics and Communication Engineering,ST PWD,-,B) Outside Delhi Region,Round 1
Electronics and VLSI Engineering,ST PWD,-,B) Outside Delhi Region,Round 1
Computer Science and Applied Mathematics,ST PWD,-,A) Delhi Region,Round 2
Computer Science and Artificial Intelligence,ST PWD,-,A) Delhi Region,Round 2
Computer Science and Biosciences,ST PWD,-,A) Delhi Region,Round 2
Computer Science and Design,ST PWD,-,A) Delhi Region,Round 2
Computer Science and Engineering,ST PWD,-,A) Delhi Region,Round 2
Computer Science and Social Sciences,ST PWD,-,A) Delhi Region,Round 2
Electronics and Communication Engineering,ST PWD,-,A) Delhi Region,Round 2
Electronics and VLSI Engineering,ST PWD,-,A) Delhi Region,Round 2
Computer Science and Applied Mathematics,ST PWD,-,B) Outside Delhi Region,Round 2
Computer Science and Artificial Intelligence,ST PWD,-,B) Outside Delhi Region,Round 2
Computer Science and Biosciences,ST PWD,-,B) Outside Delhi Region,Round 2
Computer Science and Design,ST PWD,-,B) Outside Delhi Region,Round 2
Computer Science and Engineering,ST PWD,-,B) Outside Delhi Region,Round 2
Computer Science and Social Sciences,ST PWD,-,B) Outside Delhi Region,Round 2
Electronics and Communication Engineering,ST PWD,-,B) Outside Delhi Region,Round 2
Electronics and VLSI Engineering,ST PWD,-,B) Outside Delhi Region,Round 2
Computer Science and Applied Mathematics,ST PWD,-,A) Delhi Region,Round 3
Computer Science and Artificial Intelligence,ST PWD,-,A) Delhi Region,Round 3
Computer Science and Biosciences,ST PWD,-,A) Delhi Region,Round 3
Computer Science and Design,ST PWD,-,A) Delhi Region,Round 3
Computer Science and Engineering,ST PWD,-,A) Delhi Region,Round 3
Computer Science and Social Sciences,ST PWD,-,A) Delhi Region,Round 3
Electronics and Communication Engineering,ST PWD,-,A) Delhi Region,Round 3
Electronics and VLSI Engineering,ST PWD,-,A) Delhi Region,Round 3
Computer Science and Applied Mathematics,ST PWD,-,B) Outside Delhi Region,Round 3
Computer Science and Artificial Intelligence,ST PWD,-,B) Outside Delhi Region,Round 3
Computer Science and Biosciences,ST PWD,-,B) Outside Delhi Region,Round 3
Computer Science and Design,ST PWD,-,B) Outside Delhi Region,Round 3
Computer Science and Engineering,ST PWD,-,B) Outside Delhi Region,Round 3
Computer Science and Social Sciences,ST PWD,-,B) Outside Delhi Region,Round 3
Electronics and Communication Engineering,ST PWD,-,B) Outside Delhi Region,Round 3
Electronics and VLSI Engineering,ST PWD,-,B) Outside Delhi Region,Round 3
Computer Science and Applied Mathematics,ST PWD,-,A) Delhi Region,Round 4
Computer Science and Artificial Intelligence,ST PWD,-,A) Delhi Region,Round 4
Computer Science and Biosciences,ST PWD,-,A) Delhi Region,Round 4
Computer Science and Design,ST PWD,-,A) Delhi Region,Round 4
Computer Science and Engineering,ST PWD,-,A) Delhi Region,Round 4
Computer Science and Social Sciences,ST PWD,-,A) Delhi Region,Round 4
Electronics and Communication Engineering,ST PWD,-,A) Delhi Region,Round 4
Electronics and VLSI Engineering,ST PWD,-,A) Delhi Region,Round 4
Computer Science and Applied Mathematics,ST PWD,-,B) Outside Delhi Region,Round 4
Computer Science and Artificial Intelligence,ST PWD,-,B) Outside Delhi Region,Round 4
Computer Science and Biosciences,ST PWD,-,B) Outside Delhi Region,Round 4
Computer Science and Design,ST PWD,-,B) Outside Delhi Region,Round 4
Computer Science and Engineering,ST PWD,-,B) Outside Delhi Region,Round 4
Computer Science and Social Sciences,ST PWD,-,B) Outside Delhi Region,Round 4
Electronics and Communication Engineering,ST PWD,-,B) Outside Delhi Region,Round 4
Electronics and VLSI Engineering,ST PWD,-,B) Outside Delhi Region,Round 4
Computer Science and Applied Mathematics,ST PWD,-,A) Delhi Region,Round 5
Computer Science and Artificial Intelligence,ST PWD,-,A) Delhi Region,Round 5
Computer Science and Biosciences,ST PWD,-,A) Delhi Region,Round 5
Computer Science and Design,ST PWD,-,A) Delhi Region,Round 5
Computer Science and Engineering,ST PWD,-,A) Delhi Region,Round 5
Computer Science and Social Sciences,ST PWD,-,A) Delhi Region,Round 5
Electronics and Communication Engineering,ST PWD,-,A) Delhi Region,Round 5
Electronics and VLSI Engineering,ST PWD,-,A) Delhi Region,Round 5
Computer Science and Applied Mathematics,ST PWD,-,B) Outside Delhi Region,Round 5
Computer Science and Artificial Intelligence,ST PWD,-,B) Outside Delhi Region,Round 5
Computer Science and Biosciences,ST PWD,-,B) Outside Delhi Region,Round 5
Computer Science and Design,ST PWD,-,B) Outside Delhi Region,Round 5
Computer Science and Engineering,ST PWD,-,B) Outside Delhi Region,Round 5
Computer Science and Social Sciences,ST PWD,-,B) Outside Delhi Region,Round 5
Electronics and Communication Engineering,ST PWD,-,B) Outside Delhi Region,Round 5
Electronics and VLSI Engineering,ST PWD,-,B) Outside Delhi Region,Round 5
Computer Science and Applied Mathematics,ST PWD,-,A) Delhi Region,Upgradation Round
Computer Science and Artificial Intelligence,ST PWD,-,A) Delhi Region,Upgradation Round
Computer Science and Biosciences,ST PWD,-,A) Delhi Region,Upgradation Round
Computer Science and Design,ST PWD,-,A) Delhi Region,Upgradation Round
Computer Science and Engineering,ST PWD,-,A) Delhi Region,Upgradation Round
Computer Science and Social Sciences,ST PWD,-,A) Delhi Region,Upgradation Round
Electronics and Communication Engineering,ST PWD,-,A) Delhi Region,Upgradation Round
Electronics and VLSI Engineering,ST PWD,-,A) Delhi Region,Upgradation Round
Computer Science and Applied Mathematics,ST PWD,-,B) Outside Delhi Region,Upgradation Round
Computer Science and Artificial Intelligence,ST PWD,-,B) Outside Delhi Region,Upgradation Round
Computer Science and Biosciences,ST PWD,-,B) Outside Delhi Region,Upgradation Round
Computer Science and Design,ST PWD,-,B) Outside Delhi Region,Upgradation Round
Computer Science and Engineering,ST PWD,-,B) Outside Delhi Region,Upgradation Round
Computer Science and Social Sciences,ST PWD,-,B) Outside Delhi Region,Upgradation Round
Electronics and Communication Engineering,ST PWD,-,B) Outside Delhi Region,Upgradation Round
Electronics and VLSI Engineering,ST PWD,-,B) Outside Delhi Region,Upgradation Round
Computer Science and Applied Mathematics,ST PWD,-,A) Delhi Region,Spot Round
Computer Science and Artificial Intelligence,ST PWD,-,A) Delhi Region,Spot Round
Computer Science and Biosciences,ST PWD,-,A) Delhi Region,Spot Round
Computer Science and Design,ST PWD,-,A) Delhi Region,Spot Round
Computer Science and Engineering,ST PWD,-,A) Delhi Region,Spot Round
Computer Science and Social Sciences,ST PWD,-,A) Delhi Region,Spot Round
Electronics and Communication Engineering,ST PWD,-,A) Delhi Region,Spot Round
Electronics and VLSI Engineering,ST PWD,-,A) Delhi Region,Spot Round
Computer Science and Applied Mathematics,ST PWD,-,B) Outside Delhi Region,Spot Round
Computer Science and Artificial Intelligence,ST PWD,-,B) Outside Delhi Region,Spot Round
Computer Science and Biosciences,ST PWD,-,B) Outside Delhi Region,Spot Round
Computer Science and Design,ST PWD,-,B) Outside Delhi Region,Spot Round
Computer Science and Engineering,ST PWD,-,B) Outside Delhi Region,Spot Round
Computer Science and Social Sciences,ST PWD,-,B) Outside Delhi Region,Spot Round
Electronics and Communication Engineering,ST PWD,-,B) Outside Delhi Region,Spot Round
Electronics and VLSI Engineering,ST PWD,-,B) Outside Delhi Region,Spot Round
Computer Science and Applied Mathematics,ST PWD,-,A) Delhi Region,Round 1
Computer Science and Artificial Intelligence,ST PWD,-,A) Delhi Region,Round 1
Computer Science and Biosciences,ST PWD,-,A) Delhi Region,Round 1
Computer Science and Design,ST PWD,-,A) Delhi Region,Round 1
Computer Science and Engineering,ST PWD,-,A) Delhi Region,Round 1
Computer Science and Social Sciences,ST PWD,-,A) Delhi Region,Round 1
Electronics and Communication Engineering,ST PWD,-,A) Delhi Region,Round 1
Electronics and VLSI Engineering,ST PWD,-,A) Delhi Region,Round 1
Computer Science and Applied Mathematics,ST PWD,-,B) Outside Delhi Region,Round 1
Computer Science and Artificial Intelligence,ST PWD,-,B) Outside Delhi Region,Round 1
Computer Science and Biosciences,ST PWD,-,B) Outside Delhi Region,Round 1
Computer Science and Design,ST PWD,-,B) Outside Delhi Region,Round 1
Computer Science and Engineering,ST PWD,-,B) Outside Delhi Region,Round 1
Computer Science and Social Sciences,ST PWD,-,B) Outside Delhi Region,Round 1
Electronics and Communication Engineering,ST PWD,-,B) Outside Delhi Region,Round 1
Electronics and VLSI Engineering,ST PWD,-,B) Outside Delhi Region,Round 1
Computer Science and Applied Mathematics,ST PWD,-,A) Delhi Region,Round 2
Computer Science and Artificial Intelligence,ST PWD,-,A) Delhi Region,Round 2
Computer Science and Biosciences,ST PWD,-,A) Delhi Region,Round 2
Computer Science and Design,ST PWD,-,A) Delhi Region,Round 2
Computer Science and Engineering,ST PWD,-,A) Delhi Region,Round 2
Computer Science and Social Sciences,ST PWD,-,A) Delhi Region,Round 2
Electronics and Communication Engineering,ST PWD,-,A) Delhi Region,Round 2
Electronics and VLSI Engineering,ST PWD,-,A) Delhi Region,Round 2
Computer Science and Applied Mathematics,ST PWD,-,B) Outside Delhi Region,Round 2
Computer Science and Artificial Intelligence,ST PWD,-,B) Outside Delhi Region,Round 2
Computer Science and Biosciences,ST PWD,-,B) Outside Delhi Region,Round 2
Computer Science and Design,ST PWD,-,B) Outside Delhi Region,Round 2
Computer Science and Engineering,ST PWD,-,B) Outside Delhi Region,Round 2
Computer Science and Social Sciences,ST PWD,-,B) Outside Delhi Region,Round 2
Electronics and Communication Engineering,ST PWD,-,B) Outside Delhi Region,Round 2
Electronics and VLSI Engineering,ST PWD,-,B) Outside Delhi Region,Round 2
Computer Science and Applied Mathematics,ST PWD,-,A) Delhi Region,Round 3
Computer Science and Artificial Intelligence,ST PWD,-,A) Delhi Region,Round 3
Computer Science and Biosciences,ST PWD,-,A) Delhi Region,Round 3
Computer Science and Design,ST PWD,-,A) Delhi Region,Round 3
Computer Science and Engineering,ST PWD,-,A) Delhi Region,Round 3
Computer Science and Social Sciences,ST PWD,-,A) Delhi Region,Round 3
Electronics and Communication Engineering,ST PWD,-,A) Delhi Region,Round 3
Electronics and VLSI Engineering,ST PWD,-,A) Delhi Region,Round 3
Computer Science and Applied Mathematics,ST PWD,-,B) Outside Delhi Region,Round 3
Computer Science and Artificial Intelligence,ST PWD,-,B) Outside Delhi Region,Round 3
Computer Science and Biosciences,ST PWD,-,B) Outside Delhi Region,Round 3
Computer Science and Design,ST PWD,-,B) Outside Delhi Region,Round 3
Computer Science and Engineering,ST PWD,-,B) Outside Delhi Region,Round 3
Computer Science and Social Sciences,ST PWD,-,B) Outside Delhi Region,Round 3
Electronics and Communication Engineering,ST PWD,-,B) Outside Delhi Region,Round 3
Electronics and VLSI Engineering,ST PWD,-,B) Outside Delhi Region,Round 3
Computer Science and Applied Mathematics,ST PWD,-,A) Delhi Region,Round 4
Computer Science and Artificial Intelligence,ST PWD,-,A) Delhi Region,Round 4
Computer Science and Biosciences,ST PWD,-,A) Delhi Region,Round 4
Computer Science and Design,ST PWD,-,A) Delhi Region,Round 4
Computer Science and Engineering,ST PWD,-,A) Delhi Region,Round 4
Computer Science and Social Sciences,ST PWD,-,A) Delhi Region,Round 4
Electronics and Communication Engineering,ST PWD,-,A) Delhi Region,Round 4
Electronics and VLSI Engineering,ST PWD,-,A) Delhi Region,Round 4
Computer Science and Applied Mathematics,ST PWD,-,B) Outside Delhi Region,Round 4
Computer Science and Artificial Intelligence,ST PWD,-,B) Outside Delhi Region,Round 4
Computer Science and Biosciences,ST PWD,-,B) Outside Delhi Region,Round 4
Computer Science and Design,ST PWD,-,B) Outside Delhi Region,Round 4
Computer Science and Engineering,ST PWD,-,B) Outside Delhi Region,Round 4
Computer Science and Social Sciences,ST PWD,-,B) Outside Delhi Region,Round 4
Electronics and Communication Engineering,ST PWD,-,B) Outside Delhi Region,Round 4
Electronics and VLSI Engineering,ST PWD,-,B) Outside Delhi Region,Round 4
Computer Science and Applied Mathematics,ST PWD,-,A) Delhi Region,Round 5
Computer Science and Artificial Intelligence,ST PWD,-,A) Delhi Region,Round 5
Computer Science and Biosciences,ST PWD,-,A) Delhi Region,Round 5
Computer Science and Design,ST PWD,-,A) Delhi Region,Round 5
Computer Science and Engineering,ST PWD,-,A) Delhi Region,Round 5
Computer Science and Social Sciences,ST PWD,-,A) Delhi Region,Round 5
Electronics and Communication Engineering,ST PWD,-,A) Delhi Region,Round 5
Electronics and VLSI Engineering,ST PWD,-,A) Delhi Region,Round 5
Computer Science and Applied Mathematics,ST PWD,-,B) Outside Delhi Region,Round 5
Computer Science and Artificial Intelligence,ST PWD,-,B) Outside Delhi Region,Round 5
Computer Science and Biosciences,ST PWD,-,B) Outside Delhi Region,Round 5
Computer Science and Design,ST PWD,-,B) Outside Delhi Region,Round 5
Computer Science and Engineering,ST PWD,-,B) Outside Delhi Region,Round 5
Computer Science and Social Sciences,ST PWD,-,B) Outside Delhi Region,Round 5
Electronics and Communication Engineering,ST PWD,-,B) Outside Delhi Region,Round 5
Electronics and VLSI Engineering,ST PWD,-,B) Outside Delhi Region,Round 5
